     5      8      5      8 
     0      0      0      0          0.465730653047634 
     0      0      0      1          0.000000000000000 
     0      0      0      2          0.000000000002923 
     0      0      0      3          0.206470814736484 
     0      0      0      4         -0.000000000000006 
     0      0      0      5         -0.121410057140155 
     0      0      0      6         -0.000000000000407 
     0      0      0      7          0.201730013018203 
     0      0      1      0          0.001939230781680 
     0      0      1      1          0.000000000000000 
     0      0      1      2          0.000000000000040 
     0      0      1      3          0.002880927575260 
     0      0      1      4         -0.000000000000000 
     0      0      1      5         -0.002335760093104 
     0      0      1      6         -0.000000000000008 
     0      0      1      7          0.004211489517684 
     0      0      2      0          0.000000000000003 
     0      0      2      1         -0.005601255218421 
     0      0      2      2         -0.000698459777882 
     0      0      2      3          0.000000000000009 
     0      0      2      4          0.000000000000000 
     0      0      2      5          0.000000000000011 
     0      0      2      6         -0.007527398792264 
     0      0      2      7         -0.000000000000007 
     0      0      3      0          0.008737090671810 
     0      0      3      1          0.000000000000005 
     0      0      3      2          0.000000000000113 
     0      0      3      3          0.007897854214635 
     0      0      3      4         -0.000000000000000 
     0      0      3      5         -0.005958753574665 
     0      0      3      6         -0.000000000000020 
     0      0      3      7          0.008865493151558 
     0      0      4      0          0.000000000000000 
     0      0      4      1         -0.000000000000000 
     0      0      4      2         -0.000000000000000 
     0      0      4      3         -0.000000000000000 
     0      0      4      4         -0.009272723763598 
     0      0      4      5          0.000000000000000 
     0      0      4      6         -0.000000000000000 
     0      0      4      7          0.000000000000000 
     0      1      0      0         -0.000000000000030 
     0      1      0      1          0.490627982830028 
     0      1      0      2          0.153293299340765 
     0      1      0      3         -0.000000000002373 
     0      1      0      4         -0.000000000000002 
     0      1      0      5         -0.000000000000489 
     0      1      0      6          0.316893444951490 
     0      1      0      7          0.000000000000503 
     0      1      1      0         -0.000000000000000 
     0      1      1      1          0.003159276276377 
     0      1      1      2          0.002219298853332 
     0      1      1      3         -0.000000000000034 
     0      1      1      4         -0.000000000000000 
     0      1      1      5         -0.000000000000007 
     0      1      1      6          0.007776195419647 
     0      1      1      7          0.000000000000012 
     0      1      2      0         -0.005962705324039 
     0      1      2      1         -0.000000000000017 
     0      1      2      2         -0.000000000000050 
     0      1      2      3         -0.003050748021460 
     0      1      2      4          0.000000000000000 
     0      1      2      5         -0.002925260692567 
     0      1      2      6          0.000000000000001 
     0      1      2      7         -0.008400035611265 
     0      1      3      0          0.000000000000002 
     0      1      3      1          0.001439012281388 
     0      1      3      2         -0.001208428241142 
     0      1      3      3          0.000000000000021 
     0      1      3      4         -0.000000000000000 
     0      1      3      5         -0.000000000000009 
     0      1      3      6          0.002587093822256 
     0      1      3      7          0.000000000000001 
     0      1      4      0         -0.000000000000000 
     0      1      4      1          0.000000000000000 
     0      1      4      2          0.000000000000000 
     0      1      4      3         -0.000000000000000 
     0      1      4      4         -0.000000000000010 
     0      1      4      5         -0.000000000000000 
     0      1      4      6          0.000000000000000 
     0      1      4      7         -0.000000000000000 
     0      2      0      0          0.000000000002894 
     0      2      0      1          0.153251026894739 
     0      2      0      2          0.509714046609689 
     0      2      0      3          0.000000000001497 
     0      2      0      4          0.000000000000002 
     0      2      0      5         -0.000000000002202 
     0      2      0      6          0.139964393420568 
     0      2      0      7          0.000000000002455 
     0      2      1      0          0.000000000000039 
     0      2      1      1          0.002105769481002 
     0      2      1      2          0.000638250751982 
     0      2      1      3          0.000000000000026 
     0      2      1      4          0.000000000000000 
     0      2      1      5         -0.000000000000053 
     0      2      1      6          0.004173796051695 
     0      2      1      7          0.000000000000080 
     0      2      2      0         -0.001259331070606 
     0      2      2      1         -0.000000000000056 
     0      2      2      2         -0.000000000000222 
     0      2      2      3         -0.006937496265204 
     0      2      2      4          0.000000000000000 
     0      2      2      5         -0.002220264929665 
     0      2      2      6         -0.000000000000114 
     0      2      2      7         -0.003434673402119 
     0      2      3      0          0.000000000000113 
     0      2      3      1         -0.000868589233880 
     0      2      3      2          0.002273812073272 
     0      2      3      3          0.000000000000159 
     0      2      3      4          0.000000000000000 
     0      2      3      5         -0.000000000000070 
     0      2      3      6          0.002340691252136 
     0      2      3      7          0.000000000000129 
     0      2      4      0         -0.000000000000000 
     0      2      4      1          0.000000000000000 
     0      2      4      2          0.000000000000000 
     0      2      4      3         -0.000000000000000 
     0      2      4      4         -0.000000000000121 
     0      2      4      5         -0.000000000000000 
     0      2      4      6          0.000000000000000 
     0      2      4      7         -0.000000000000000 
     0      3      0      0          0.204019050463766 
     0      3      0      1         -0.000000000002361 
     0      3      0      2          0.000000000001502 
     0      3      0      3          0.623669081470376 
     0      3      0      4          0.000000000000006 
     0      3      0      5         -0.180452690730594 
     0      3      0      6         -0.000000000002491 
     0      3      0      7          0.146011163991036 
     0      3      1      0          0.002779529181467 
     0      3      1      1         -0.000000000000032 
     0      3      1      2          0.000000000000026 
     0      3      1      3          0.002901693823071 
     0      3      1      4          0.000000000000000 
     0      3      1      5         -0.005209051618135 
     0      3      1      6         -0.000000000000074 
     0      3      1      7          0.004348644996386 
     0      3      2      0          0.000000000000018 
     0      3      2      1         -0.002975662511784 
     0      3      2      2         -0.006633570984898 
     0      3      2      3          0.000000000000211 
     0      3      2      4          0.000000000000000 
     0      3      2      5          0.000000000000055 
     0      3      2      6         -0.006547783297326 
     0      3      2      7          0.000000000000043 
     0      3      3      0          0.007873246026820 
     0      3      3      1          0.000000000000018 
     0      3      3      2          0.000000000000158 
     0      3      3      3          0.012892581172399 
     0      3      3      4         -0.000000000000000 
     0      3      3      5         -0.003124679549392 
     0      3      3      6         -0.000000000000053 
     0      3      3      7          0.010194542782125 
     0      3      4      0         -0.000000000000000 
     0      3      4      1         -0.000000000000000 
     0      3      4      2         -0.000000000000000 
     0      3      4      3         -0.000000000000000 
     0      3      4      4         -0.006819192677228 
     0      3      4      5         -0.000000000000000 
     0      3      4      6         -0.000000000000000 
     0      3      4      7         -0.000000000000001 
     0      4      0      0         -0.000000000000006 
     0      4      0      1         -0.000000000000001 
     0      4      0      2          0.000000000000002 
     0      4      0      3          0.000000000000006 
     0      4      0      4          0.982553130784973 
     0      4      0      5          0.000000000000003 
     0      4      0      6         -0.000000000000000 
     0      4      0      7         -0.000000000000004 
     0      4      1      0         -0.000000000000000 
     0      4      1      1         -0.000000000000000 
     0      4      1      2          0.000000000000000 
     0      4      1      3          0.000000000000000 
     0      4      1      4          0.017497594863725 
     0      4      1      5          0.000000000000000 
     0      4      1      6         -0.000000000000000 
     0      4      1      7         -0.000000000000000 
     0      4      2      0          0.000000000000000 
     0      4      2      1          0.000000000000000 
     0      4      2      2          0.000000000000000 
     0      4      2      3          0.000000000000000 
     0      4      2      4         -0.000000000000001 
     0      4      2      5          0.000000000000000 
     0      4      2      6          0.000000000000000 
     0      4      2      7          0.000000000000000 
     0      4      3      0         -0.000000000000000 
     0      4      3      1         -0.000000000000000 
     0      4      3      2          0.000000000000000 
     0      4      3      3         -0.000000000000000 
     0      4      3      4          0.005264382063523 
     0      4      3      5         -0.000000000000000 
     0      4      3      6         -0.000000000000000 
     0      4      3      7         -0.000000000000000 
     0      4      4      0         -0.009822718306875 
     0      4      4      1         -0.000000000000019 
     0      4      4      2         -0.000000000000129 
     0      4      4      3         -0.007476318487206 
     0      4      4      4          0.000000000000000 
     0      4      4      5         -0.008050136045190 
     0      4      4      6          0.000000000000021 
     0      4      4      7         -0.023365618011316 
     0      5      0      0         -0.114365906530222 
     0      5      0      1         -0.000000000000332 
     0      5      0      2         -0.000000000002244 
     0      5      0      3         -0.178779902007479 
     0      5      0      4          0.000000000000003 
     0      5      0      5          0.931363381083986 
     0      5      0      6         -0.000000000000449 
     0      5      0      7          0.026097747870892 
     0      5      1      0         -0.001910703653389 
     0      5      1      1         -0.000000000000000 
     0      5      1      2         -0.000000000000053 
     0      5      1      3         -0.005044696576969 
     0      5      1      4          0.000000000000000 
     0      5      1      5          0.018411315332154 
     0      5      1      6         -0.000000000000016 
     0      5      1      7          0.004278886735661 
     0      5      2      0          0.000000000000013 
     0      5      2      1         -0.002906852596488 
     0      5      2      2         -0.002361198681141 
     0      5      2      3          0.000000000000058 
     0      5      2      4          0.000000000000000 
     0      5      2      5          0.000000000000024 
     0      5      2      6         -0.007091288853400 
     0      5      2      7          0.000000000000022 
     0      5      3      0         -0.006249726836619 
     0      5      3      1         -0.000000000000017 
     0      5      3      2         -0.000000000000071 
     0      5      3      3         -0.003322873150990 
     0      5      3      4         -0.000000000000000 
     0      5      3      5         -0.007926421426780 
     0      5      3      6          0.000000000000002 
     0      5      3      7         -0.017034361804451 
     0      5      4      0          0.000000000000000 
     0      5      4      1         -0.000000000000000 
     0      5      4      2         -0.000000000000000 
     0      5      4      3         -0.000000000000000 
     0      5      4      4         -0.007969315682083 
     0      5      4      5          0.000000000000000 
     0      5      4      6         -0.000000000000000 
     0      5      4      7          0.000000000000000 
     0      6      0      0         -0.000000000000408 
     0      6      0      1          0.311162137994976 
     0      6      0      2          0.138017457611876 
     0      6      0      3         -0.000000000002470 
     0      6      0      4         -0.000000000000000 
     0      6      0      5         -0.000000000000385 
     0      6      0      6          0.996397388037008 
     0      6      0      7          0.000000000000133 
     0      6      1      0         -0.000000000000008 
     0      6      1      1          0.007596437245671 
     0      6      1      2          0.004176213799466 
     0      6      1      3         -0.000000000000075 
     0      6      1      4         -0.000000000000000 
     0      6      1      5         -0.000000000000014 
     0      6      1      6          0.018437516308081 
     0      6      1      7          0.000000000000009 
     0      6      2      0         -0.007604555460149 
     0      6      2      1         -0.000000000000009 
     0      6      2      2         -0.000000000000113 
     0      6      2      3         -0.006553831835573 
     0      6      2      4          0.000000000000000 
     0      6      2      5         -0.006863881337352 
     0      6      2      6          0.000000000000028 
     0      6      2      7         -0.018284830412690 
     0      6      3      0         -0.000000000000018 
     0      6      3      1          0.002630185433157 
     0      6      3      2          0.002215627531497 
     0      6      3      3         -0.000000000000050 
     0      6      3      4         -0.000000000000000 
     0      6      3      5          0.000000000000000 
     0      6      3      6          0.005026883304199 
     0      6      3      7         -0.000000000000028 
     0      6      4      0         -0.000000000000000 
     0      6      4      1          0.000000000000000 
     0      6      4      2          0.000000000000000 
     0      6      4      3         -0.000000000000000 
     0      6      4      4          0.000000000000017 
     0      6      4      5         -0.000000000000000 
     0      6      4      6          0.000000000000000 
     0      6      4      7         -0.000000000000000 
     0      7      0      0          0.199820651788493 
     0      7      0      1          0.000000000000602 
     0      7      0      2          0.000000000002391 
     0      7      0      3          0.144892479345426 
     0      7      0      4         -0.000000000000004 
     0      7      0      5          0.027047064229152 
     0      7      0      6          0.000000000000079 
     0      7      0      7          0.818576681187697 
     0      7      1      0          0.004534129937044 
     0      7      1      1          0.000000000000016 
     0      7      1      2          0.000000000000081 
     0      7      1      3          0.004551579672092 
     0      7      1      4         -0.000000000000000 
     0      7      1      5          0.004230970180889 
     0      7      1      6          0.000000000000008 
     0      7      1      7          0.010913600820317 
     0      7      2      0         -0.000000000000006 
     0      7      2      1         -0.007589890313233 
     0      7      2      2         -0.002983361409541 
     0      7      2      3          0.000000000000037 
     0      7      2      4          0.000000000000000 
     0      7      2      5          0.000000000000020 
     0      7      2      6         -0.018054756719139 
     0      7      2      7         -0.000000000000037 
     0      7      3      0          0.008140182374224 
     0      7      3      1          0.000000000000000 
     0      7      3      2          0.000000000000123 
     0      7      3      3          0.009738679632395 
     0      7      3      4         -0.000000000000000 
     0      7      3      5         -0.016669217494569 
     0      7      3      6         -0.000000000000028 
     0      7      3      7          0.012079027046725 
     0      7      4      0          0.000000000000000 
     0      7      4      1         -0.000000000000000 
     0      7      4      2         -0.000000000000000 
     0      7      4      3         -0.000000000000001 
     0      7      4      4         -0.022624323187481 
     0      7      4      5          0.000000000000000 
     0      7      4      6         -0.000000000000000 
     0      7      4      7          0.000000000000000 
     1      0      0      0          0.002246932326869 
     1      0      0      1          0.000000000000001 
     1      0      0      2          0.000000000000043 
     1      0      0      3          0.003059939207572 
     1      0      0      4         -0.000000000000000 
     1      0      0      5         -0.002147169989134 
     1      0      0      6         -0.000000000000009 
     1      0      0      7          0.004754947754960 
     1      0      1      0          0.409318925003385 
     1      0      1      1          0.000000000000001 
     1      0      1      2          0.000000000001884 
     1      0      1      3          0.130914773962558 
     1      0      1      4         -0.000000000000003 
     1      0      1      5         -0.054973438815627 
     1      0      1      6         -0.000000000000201 
     1      0      1      7          0.100743521264447 
     1      0      2      0         -0.000000000000062 
     1      0      2      1          0.061184642110339 
     1      0      2      2          0.007160107549885 
     1      0      2      3         -0.000000000000113 
     1      0      2      4         -0.000000000000000 
     1      0      2      5         -0.000000000000064 
     1      0      2      6          0.041910495520018 
     1      0      2      7          0.000000000000037 
     1      0      3      0         -0.037730635050713 
     1      0      3      1         -0.000000000000013 
     1      0      3      2         -0.000000000000296 
     1      0      3      3         -0.021499185460504 
     1      0      3      4          0.000000000000001 
     1      0      3      5          0.025404142693575 
     1      0      3      6          0.000000000000051 
     1      0      3      7         -0.002488224585573 
     1      0      4      0          0.000000000000000 
     1      0      4      1          0.000000000000000 
     1      0      4      2          0.000000000000000 
     1      0      4      3          0.000000000000001 
     1      0      4      4          0.041234134099635 
     1      0      4      5         -0.000000000000000 
     1      0      4      6          0.000000000000000 
     1      0      4      7          0.000000000000000 
     1      1      0      0         -0.000000000000000 
     1      1      0      1          0.003240010816338 
     1      1      0      2          0.002162869530956 
     1      1      0      3         -0.000000000000033 
     1      1      0      4         -0.000000000000000 
     1      1      0      5         -0.000000000000007 
     1      1      0      6          0.007832912916359 
     1      1      0      7          0.000000000000012 
     1      1      1      0         -0.000000000000016 
     1      1      1      1          0.408271389086805 
     1      1      1      2          0.099461734383169 
     1      1      1      3         -0.000000000001554 
     1      1      1      4         -0.000000000000001 
     1      1      1      5         -0.000000000000299 
     1      1      1      6          0.142065462702488 
     1      1      1      7          0.000000000000246 
     1      1      2      0          0.062251009839498 
     1      1      2      1          0.000000000000099 
     1      1      2      2          0.000000000000335 
     1      1      2      3          0.024240311812733 
     1      1      2      4         -0.000000000000001 
     1      1      2      5          0.001130659710069 
     1      1      2      6         -0.000000000000006 
     1      1      2      7          0.011298224135515 
     1      1      3      0         -0.000000000000004 
     1      1      3      1         -0.008251200711648 
     1      1      3      2          0.010487278084273 
     1      1      3      3         -0.000000000000159 
     1      1      3      4         -0.000000000000000 
     1      1      3      5          0.000000000000030 
     1      1      3      6          0.009101186197503 
     1      1      3      7          0.000000000000033 
     1      1      4      0          0.000000000000000 
     1      1      4      1          0.000000000000000 
     1      1      4      2          0.000000000000000 
     1      1      4      3          0.000000000000000 
     1      1      4      4          0.000000000000048 
     1      1      4      5         -0.000000000000000 
     1      1      4      6          0.000000000000000 
     1      1      4      7          0.000000000000000 
     1      2      0      0          0.000000000000043 
     1      2      0      1          0.002163467211875 
     1      2      0      2          0.000630267595844 
     1      2      0      3          0.000000000000028 
     1      2      0      4          0.000000000000000 
     1      2      0      5         -0.000000000000051 
     1      2      0      6          0.004248215201349 
     1      2      0      7          0.000000000000086 
     1      2      1      0          0.000000000001868 
     1      2      1      1          0.099610314619662 
     1      2      1      2          0.494977719513337 
     1      2      1      3          0.000000000000875 
     1      2      1      4          0.000000000000000 
     1      2      1      5         -0.000000000000802 
     1      2      1      6          0.054814817667135 
     1      2      1      7          0.000000000000690 
     1      2      2      0          0.009058710859269 
     1      2      2      1          0.000000000000354 
     1      2      2      2          0.000000000003728 
     1      2      2      3          0.118260493038086 
     1      2      2      4         -0.000000000000003 
     1      2      2      5          0.004593716202373 
     1      2      2      6          0.000000000000814 
     1      2      2      7         -0.007069369031799 
     1      2      3      0         -0.000000000000291 
     1      2      3      1          0.009599335704904 
     1      2      3      2         -0.033555467512707 
     1      2      3      3         -0.000000000000670 
     1      2      3      4          0.000000000000000 
     1      2      3      5          0.000000000000020 
     1      2      3      6         -0.017820042558666 
     1      2      3      7          0.000000000000024 
     1      2      4      0          0.000000000000000 
     1      2      4      1          0.000000000000000 
     1      2      4      2          0.000000000000000 
     1      2      4      3          0.000000000000000 
     1      2      4      4          0.000000000000237 
     1      2      4      5          0.000000000000000 
     1      2      4      6         -0.000000000000000 
     1      2      4      7          0.000000000000000 
     1      3      0      0          0.003014505513750 
     1      3      0      1         -0.000000000000033 
     1      3      0      2          0.000000000000029 
     1      3      0      3          0.003061838957155 
     1      3      0      4          0.000000000000000 
     1      3      0      5         -0.005099461473539 
     1      3      0      6         -0.000000000000076 
     1      3      0      7          0.004749437098120 
     1      3      1      0          0.129418871464699 
     1      3      1      1         -0.000000000001547 
     1      3      1      2          0.000000000000873 
     1      3      1      3          0.554441703513210 
     1      3      1      4          0.000000000000000 
     1      3      1      5         -0.056405347050918 
     1      3      1      6         -0.000000000000950 
     1      3      1      7          0.043530826506712 
     1      3      2      0         -0.000000000000139 
     1      3      2      1          0.023370001852746 
     1      3      2      2          0.116840240282972 
     1      3      2      3         -0.000000000003707 
     1      3      2      4         -0.000000000000001 
     1      3      2      5         -0.000000000000350 
     1      3      2      6          0.046436452022552 
     1      3      2      7          0.000000000000166 
     1      3      3      0         -0.020785551091838 
     1      3      3      1         -0.000000000000150 
     1      3      3      2         -0.000000000000665 
     1      3      3      3         -0.075522369521733 
     1      3      3      4          0.000000000000002 
     1      3      3      5         -0.012871405436867 
     1      3      3      6          0.000000000000288 
     1      3      3      7         -0.006594410140531 
     1      3      4      0          0.000000000000001 
     1      3      4      1          0.000000000000000 
     1      3      4      2          0.000000000000000 
     1      3      4      3          0.000000000000001 
     1      3      4      4          0.012590818467465 
     1      3      4      5          0.000000000000000 
     1      3      4      6          0.000000000000000 
     1      3      4      7          0.000000000000002 
     1      4      0      0         -0.000000000000000 
     1      4      0      1         -0.000000000000000 
     1      4      0      2          0.000000000000000 
     1      4      0      3          0.000000000000000 
     1      4      0      4          0.017365313012169 
     1      4      0      5          0.000000000000000 
     1      4      0      6         -0.000000000000000 
     1      4      0      7         -0.000000000000000 
     1      4      1      0         -0.000000000000004 
     1      4      1      1         -0.000000000000001 
     1      4      1      2          0.000000000000000 
     1      4      1      3          0.000000000000000 
     1      4      1      4          0.615361126882900 
     1      4      1      5          0.000000000000001 
     1      4      1      6         -0.000000000000000 
     1      4      1      7         -0.000000000000001 
     1      4      2      0         -0.000000000000000 
     1      4      2      1         -0.000000000000001 
     1      4      2      2         -0.000000000000003 
     1      4      2      3         -0.000000000000001 
     1      4      2      4         -0.000000000000029 
     1      4      2      5         -0.000000000000000 
     1      4      2      6         -0.000000000000001 
     1      4      2      7         -0.000000000000000 
     1      4      3      0          0.000000000000001 
     1      4      3      1         -0.000000000000000 
     1      4      3      2          0.000000000000000 
     1      4      3      3          0.000000000000002 
     1      4      3      4          0.034777385806843 
     1      4      3      5          0.000000000000001 
     1      4      3      6          0.000000000000000 
     1      4      3      7          0.000000000000001 
     1      4      4      0          0.041475954974591 
     1      4      4      1          0.000000000000067 
     1      4      4      2          0.000000000000248 
     1      4      4      3          0.013781654846930 
     1      4      4      4          0.000000000000000 
     1      4      4      5          0.023582939987684 
     1      4      4      6         -0.000000000000091 
     1      4      4      7          0.097165803778645 
     1      5      0      0         -0.001975927159780 
     1      5      0      1         -0.000000000000000 
     1      5      0      2         -0.000000000000053 
     1      5      0      3         -0.005064874772308 
     1      5      0      4          0.000000000000000 
     1      5      0      5          0.018285012787816 
     1      5      0      6         -0.000000000000016 
     1      5      0      7          0.004162100984478 
     1      5      1      0         -0.051628233822702 
     1      5      1      1         -0.000000000000246 
     1      5      1      2         -0.000000000000812 
     1      5      1      3         -0.055616677756498 
     1      5      1      4          0.000000000000001 
     1      5      1      5          0.580362682114463 
     1      5      1      6         -0.000000000000157 
     1      5      1      7         -0.015917829481650 
     1      5      2      0         -0.000000000000066 
     1      5      2      1          0.002484631678455 
     1      5      2      2          0.005686570201044 
     1      5      2      3         -0.000000000000366 
     1      5      2      4         -0.000000000000000 
     1      5      2      5         -0.000000000000124 
     1      5      2      6          0.036099012365892 
     1      5      2      7         -0.000000000000042 
     1      5      3      0          0.025456407874338 
     1      5      3      1          0.000000000000053 
     1      5      3      2          0.000000000000014 
     1      5      3      3         -0.012428194491623 
     1      5      3      4          0.000000000000001 
     1      5      3      5          0.073908203865720 
     1      5      3      6         -0.000000000000021 
     1      5      3      7          0.075553939730606 
     1      5      4      0         -0.000000000000000 
     1      5      4      1          0.000000000000000 
     1      5      4      2          0.000000000000000 
     1      5      4      3          0.000000000000000 
     1      5      4      4          0.023529833380262 
     1      5      4      5         -0.000000000000000 
     1      5      4      6          0.000000000000000 
     1      5      4      7         -0.000000000000001 
     1      6      0      0         -0.000000000000009 
     1      6      0      1          0.007712536515116 
     1      6      0      2          0.004169516075919 
     1      6      0      3         -0.000000000000075 
     1      6      0      4         -0.000000000000000 
     1      6      0      5         -0.000000000000014 
     1      6      0      6          0.018533431135578 
     1      6      0      7          0.000000000000009 
     1      6      1      0         -0.000000000000196 
     1      6      1      1          0.139042142732651 
     1      6      1      2          0.054363104641565 
     1      6      1      3         -0.000000000000945 
     1      6      1      4         -0.000000000000000 
     1      6      1      5         -0.000000000000135 
     1      6      1      6          0.612887244884174 
     1      6      1      7         -0.000000000000038 
     1      6      2      0          0.041122809754934 
     1      6      2      1          0.000000000000015 
     1      6      2      2          0.000000000000814 
     1      6      2      3          0.046410026427427 
     1      6      2      4         -0.000000000000001 
     1      6      2      5          0.035710373482539 
     1      6      2      6         -0.000000000000143 
     1      6      2      7          0.079416189813953 
     1      6      3      0          0.000000000000045 
     1      6      3      1          0.009528849006512 
     1      6      3      2         -0.017446105273374 
     1      6      3      3          0.000000000000279 
     1      6      3      4          0.000000000000000 
     1      6      3      5         -0.000000000000014 
     1      6      3      6          0.041393289712217 
     1      6      3      7          0.000000000000135 
     1      6      4      0          0.000000000000000 
     1      6      4      1          0.000000000000000 
     1      6      4      2         -0.000000000000000 
     1      6      4      3          0.000000000000000 
     1      6      4      4         -0.000000000000084 
     1      6      4      5          0.000000000000000 
     1      6      4      6          0.000000000000000 
     1      6      4      7          0.000000000000000 
     1      7      0      0          0.004733336218670 
     1      7      0      1          0.000000000000016 
     1      7      0      2          0.000000000000084 
     1      7      0      3          0.004705540329526 
     1      7      0      4         -0.000000000000000 
     1      7      0      5          0.004196560723423 
     1      7      0      6          0.000000000000007 
     1      7      0      7          0.011215524907192 
     1      7      1      0          0.099056853923961 
     1      7      1      1          0.000000000000278 
     1      7      1      2          0.000000000000666 
     1      7      1      3          0.042982119477259 
     1      7      1      4         -0.000000000000001 
     1      7      1      5         -0.015575211506310 
     1      7      1      6         -0.000000000000057 
     1      7      1      7          0.600016205566232 
     1      7      2      0          0.000000000000036 
     1      7      2      1          0.009618396860286 
     1      7      2      2         -0.007639139255673 
     1      7      2      3          0.000000000000175 
     1      7      2      4         -0.000000000000000 
     1      7      2      5         -0.000000000000038 
     1      7      2      6          0.078671522160906 
     1      7      2      7          0.000000000000135 
     1      7      3      0         -0.001099165041365 
     1      7      3      1          0.000000000000039 
     1      7      3      2          0.000000000000033 
     1      7      3      3         -0.005658452278394 
     1      7      3      4          0.000000000000001 
     1      7      3      5          0.074715070029829 
     1      7      3      6          0.000000000000132 
     1      7      3      7         -0.016820424885860 
     1      7      4      0          0.000000000000000 
     1      7      4      1          0.000000000000000 
     1      7      4      2          0.000000000000000 
     1      7      4      3          0.000000000000002 
     1      7      4      4          0.096011537702745 
     1      7      4      5         -0.000000000000001 
     1      7      4      6          0.000000000000000 
     1      7      4      7         -0.000000000000000 
     2      0      0      0          0.000000000000002 
     2      0      0      1         -0.005495172159757 
     2      0      0      2         -0.000961660944131 
     2      0      0      3          0.000000000000013 
     2      0      0      4          0.000000000000000 
     2      0      0      5          0.000000000000012 
     2      0      0      6         -0.007310291945468 
     2      0      0      7         -0.000000000000008 
     2      0      1      0         -0.000000000000058 
     2      0      1      1          0.061677480709113 
     2      0      1      2          0.008441463164879 
     2      0      1      3         -0.000000000000125 
     2      0      1      4         -0.000000000000000 
     2      0      1      5         -0.000000000000068 
     2      0      1      6          0.041782997118300 
     2      0      1      7          0.000000000000046 
     2      0      2      0          0.395984899602689 
     2      0      2      1         -0.000000000000017 
     2      0      2      2          0.000000000001692 
     2      0      2      3          0.116282442135388 
     2      0      2      4         -0.000000000000003 
     2      0      2      5         -0.036694339728442 
     2      0      2      6         -0.000000000000150 
     2      0      2      7          0.072385272418413 
     2      0      3      0          0.000000000000043 
     2      0      3      1         -0.028722423052938 
     2      0      3      2         -0.013983246051392 
     2      0      3      3          0.000000000000222 
     2      0      3      4          0.000000000000000 
     2      0      3      5          0.000000000000039 
     2      0      3      6         -0.003747371156923 
     2      0      3      7         -0.000000000000011 
     2      0      4      0          0.000000000000000 
     2      0      4      1         -0.000000000000000 
     2      0      4      2         -0.000000000000000 
     2      0      4      3          0.000000000000000 
     2      0      4      4         -0.000000000000003 
     2      0      4      5          0.000000000000000 
     2      0      4      6         -0.000000000000000 
     2      0      4      7         -0.000000000000000 
     2      1      0      0         -0.005534726655426 
     2      1      0      1         -0.000000000000015 
     2      1      0      2         -0.000000000000048 
     2      1      0      3         -0.002934625501506 
     2      1      0      4          0.000000000000000 
     2      1      0      5         -0.002554963182207 
     2      1      0      6         -0.000000000000001 
     2      1      0      7         -0.007302121470552 
     2      1      1      0          0.060781398266333 
     2      1      1      1          0.000000000000101 
     2      1      1      2          0.000000000000322 
     2      1      1      3          0.022952685140919 
     2      1      1      4         -0.000000000000001 
     2      1      1      5          0.002203283966901 
     2      1      1      6          0.000000000000005 
     2      1      1      7          0.009693834650219 
     2      1      2      0         -0.000000000000029 
     2      1      2      1          0.412110115526780 
     2      1      2      2          0.099742070435954 
     2      1      2      3         -0.000000000001561 
     2      1      2      4         -0.000000000000001 
     2      1      2      5         -0.000000000000302 
     2      1      2      6          0.126383385577499 
     2      1      2      7          0.000000000000205 
     2      1      3      0         -0.027533768848320 
     2      1      3      1         -0.000000000000011 
     2      1      3      2         -0.000000000000200 
     2      1      3      3         -0.014100727115248 
     2      1      3      4          0.000000000000000 
     2      1      3      5          0.010494718133175 
     2      1      3      6          0.000000000000009 
     2      1      3      7          0.008206706624441 
     2      1      4      0         -0.000000000000000 
     2      1      4      1          0.000000000000000 
     2      1      4      2          0.000000000000000 
     2      1      4      3          0.000000000000000 
     2      1      4      4          0.011032090390320 
     2      1      4      5         -0.000000000000000 
     2      1      4      6          0.000000000000000 
     2      1      4      7         -0.000000000000000 
     2      2      0      0         -0.000998464276105 
     2      2      0      1         -0.000000000000053 
     2      2      0      2         -0.000000000000222 
     2      2      0      3         -0.006785955453111 
     2      2      0      4          0.000000000000000 
     2      2      0      5         -0.002027283273376 
     2      2      0      6         -0.000000000000112 
     2      2      0      7         -0.002818293147519 
     2      2      1      0          0.007358424254300 
     2      2      1      1          0.000000000000357 
     2      2      1      2          0.000000000003738 
     2      2      1      3          0.116822143595241 
     2      2      1      4         -0.000000000000003 
     2      2      1      5          0.005543312981835 
     2      2      1      6          0.000000000000807 
     2      2      1      7         -0.008161835910815 
     2      2      2      0          0.000000000001673 
     2      2      2      1          0.098610388134325 
     2      2      2      2          0.516736128611047 
     2      2      2      3          0.000000000000614 
     2      2      2      4         -0.000000000000000 
     2      2      2      5         -0.000000000000564 
     2      2      2      6          0.054189016795288 
     2      2      2      7          0.000000000000378 
     2      2      3      0         -0.012500642741906 
     2      2      3      1         -0.000000000000195 
     2      2      3      2         -0.000000000001918 
     2      2      3      3         -0.059891558321745 
     2      2      3      4          0.000000000000001 
     2      2      3      5         -0.003210340346246 
     2      2      3      6         -0.000000000000280 
     2      2      3      7          0.004087346141697 
     2      2      4      0         -0.000000000000000 
     2      2      4      1          0.000000000000000 
     2      2      4      2          0.000000000000000 
     2      2      4      3         -0.000000000000000 
     2      2      4      4          0.000442260844220 
     2      2      4      5         -0.000000000000000 
     2      2      4      6          0.000000000000000 
     2      2      4      7          0.000000000000000 
     2      3      0      0          0.000000000000013 
     2      3      0      1         -0.002924145337861 
     2      3      0      2         -0.006812600499268 
     2      3      0      3          0.000000000000210 
     2      3      0      4          0.000000000000000 
     2      3      0      5          0.000000000000052 
     2      3      0      6         -0.006393254509137 
     2      3      0      7          0.000000000000033 
     2      3      1      0         -0.000000000000106 
     2      3      1      1          0.023354701110096 
     2      3      1      2          0.118090140501994 
     2      3      1      3         -0.000000000003690 
     2      3      1      4         -0.000000000000001 
     2      3      1      5         -0.000000000000371 
     2      3      1      6          0.045837655059670 
     2      3      1      7          0.000000000000185 
     2      3      2      0          0.114521725028782 
     2      3      2      1         -0.000000000001539 
     2      3      2      2          0.000000000000611 
     2      3      2      3          0.556053633442064 
     2      3      2      4         -0.000000000000001 
     2      3      2      5         -0.030795070916076 
     2      3      2      6         -0.000000000000890 
     2      3      2      7          0.021899536864418 
     2      3      3      0          0.000000000000197 
     2      3      3      1         -0.014497667062670 
     2      3      3      2         -0.060747531782603 
     2      3      3      3          0.000000000001913 
     2      3      3      4          0.000000000000000 
     2      3      3      5          0.000000000000208 
     2      3      3      6         -0.019753884046609 
     2      3      3      7         -0.000000000000089 
     2      3      4      0          0.000000000000000 
     2      3      4      1          0.000000000000000 
     2      3      4      2         -0.000000000000000 
     2      3      4      3          0.000000000000000 
     2      3      4      4         -0.000000000000004 
     2      3      4      5          0.000000000000000 
     2      3      4      6          0.000000000000001 
     2      3      4      7         -0.000000000000000 
     2      4      0      0          0.000000000000000 
     2      4      0      1          0.000000000000000 
     2      4      0      2          0.000000000000000 
     2      4      0      3          0.000000000000000 
     2      4      0      4         -0.000000000000001 
     2      4      0      5          0.000000000000000 
     2      4      0      6          0.000000000000000 
     2      4      0      7          0.000000000000000 
     2      4      1      0         -0.000000000000000 
     2      4      1      1         -0.000000000000001 
     2      4      1      2         -0.000000000000003 
     2      4      1      3         -0.000000000000001 
     2      4      1      4         -0.000000000000007 
     2      4      1      5         -0.000000000000000 
     2      4      1      6         -0.000000000000001 
     2      4      1      7         -0.000000000000000 
     2      4      2      0         -0.000000000000003 
     2      4      2      1         -0.000000000000001 
     2      4      2      2         -0.000000000000000 
     2      4      2      3         -0.000000000000001 
     2      4      2      4          0.537973824718763 
     2      4      2      5          0.000000000000000 
     2      4      2      6         -0.000000000000000 
     2      4      2      7         -0.000000000000001 
     2      4      3      0          0.000000000000000 
     2      4      3      1          0.000000000000000 
     2      4      3      2          0.000000000000001 
     2      4      3      3          0.000000000000000 
     2      4      3      4         -0.000000000000023 
     2      4      3      5         -0.000000000000000 
     2      4      3      6          0.000000000000001 
     2      4      3      7         -0.000000000000000 
     2      4      4      0         -0.000000000000003 
     2      4      4      1          0.011833452251643 
     2      4      4      2          0.001391395282057 
     2      4      4      3         -0.000000000000019 
     2      4      4      4         -0.000000000000000 
     2      4      4      5         -0.000000000000037 
     2      4      4      6          0.025480897381162 
     2      4      4      7          0.000000000000018 
     2      5      0      0          0.000000000000012 
     2      5      0      1         -0.002568902966382 
     2      5      0      2         -0.002003642524826 
     2      5      0      3          0.000000000000052 
     2      5      0      4          0.000000000000000 
     2      5      0      5          0.000000000000024 
     2      5      0      6         -0.006751392490107 
     2      5      0      7          0.000000000000021 
     2      5      1      0         -0.000000000000062 
     2      5      1      1          0.001866343254294 
     2      5      1      2          0.004792899533136 
     2      5      1      3         -0.000000000000353 
     2      5      1      4         -0.000000000000000 
     2      5      1      5         -0.000000000000104 
     2      5      1      6          0.036032551246550 
     2      5      1      7         -0.000000000000039 
     2      5      2      0         -0.033697966185662 
     2      5      2      1         -0.000000000000253 
     2      5      2      2         -0.000000000000573 
     2      5      2      3         -0.030326860751899 
     2      5      2      4          0.000000000000000 
     2      5      2      5          0.517974725790874 
     2      5      2      6         -0.000000000000204 
     2      5      2      7         -0.004129593600096 
     2      5      3      0          0.000000000000032 
     2      5      3      1          0.010163870301816 
     2      5      3      2         -0.003104913141155 
     2      5      3      3          0.000000000000201 
     2      5      3      4         -0.000000000000000 
     2      5      3      5         -0.000000000000070 
     2      5      3      6          0.021468819094353 
     2      5      3      7         -0.000000000000008 
     2      5      4      0          0.000000000000000 
     2      5      4      1         -0.000000000000000 
     2      5      4      2         -0.000000000000000 
     2      5      4      3          0.000000000000000 
     2      5      4      4         -0.000000000000033 
     2      5      4      5         -0.000000000000000 
     2      5      4      6         -0.000000000000000 
     2      5      4      7         -0.000000000000000 
     2      6      0      0         -0.007260794956907 
     2      6      0      1         -0.000000000000008 
     2      6      0      2         -0.000000000000111 
     2      6      0      3         -0.006407727992142 
     2      6      0      4          0.000000000000000 
     2      6      0      5         -0.006673032123636 
     2      6      0      6          0.000000000000026 
     2      6      0      7         -0.017430301964780 
     2      6      1      0          0.040586875043652 
     2      6      1      1          0.000000000000021 
     2      6      1      2          0.000000000000813 
     2      6      1      3          0.046333959588491 
     2      6      1      4         -0.000000000000001 
     2      6      1      5          0.036188631184345 
     2      6      1      6         -0.000000000000119 
     2      6      1      7          0.078407499606014 
     2      6      2      0         -0.000000000000146 
     2      6      2      1          0.122133954588470 
     2      6      2      2          0.053655169528273 
     2      6      2      3         -0.000000000000888 
     2      6      2      4         -0.000000000000000 
     2      6      2      5         -0.000000000000186 
     2      6      2      6          0.579844461027527 
     2      6      2      7          0.000000000000004 
     2      6      3      0         -0.001935003458355 
     2      6      3      1          0.000000000000018 
     2      6      3      2         -0.000000000000263 
     2      6      3      3         -0.018630864326207 
     2      6      3      4          0.000000000000001 
     2      6      3      5          0.020072869346412 
     2      6      3      6          0.000000000000011 
     2      6      3      7          0.004445403892713 
     2      6      4      0         -0.000000000000000 
     2      6      4      1          0.000000000000000 
     2      6      4      2          0.000000000000000 
     2      6      4      3          0.000000000000000 
     2      6      4      4          0.023664457845972 
     2      6      4      5         -0.000000000000000 
     2      6      4      6          0.000000000000000 
     2      6      4      7         -0.000000000000000 
     2      7      0      0         -0.000000000000007 
     2      7      0      1         -0.007277183746057 
     2      7      0      2         -0.002876410948957 
     2      7      0      3          0.000000000000035 
     2      7      0      4          0.000000000000000 
     2      7      0      5          0.000000000000021 
     2      7      0      6         -0.017603259532433 
     2      7      0      7         -0.000000000000037 
     2      7      1      0          0.000000000000044 
     2      7      1      1          0.009841965890889 
     2      7      1      2         -0.007291784868079 
     2      7      1      3          0.000000000000173 
     2      7      1      4         -0.000000000000000 
     2      7      1      5         -0.000000000000039 
     2      7      1      6          0.079370070648133 
     2      7      1      7          0.000000000000156 
     2      7      2      0          0.071174445097664 
     2      7      2      1          0.000000000000229 
     2      7      2      2          0.000000000000362 
     2      7      2      3          0.021690075061433 
     2      7      2      4         -0.000000000000001 
     2      7      2      5         -0.003880354221630 
     2      7      2      6         -0.000000000000012 
     2      7      2      7          0.533507085424569 
     2      7      3      0         -0.000000000000009 
     2      7      3      1          0.008112043195279 
     2      7      3      2          0.004158229698985 
     2      7      3      3         -0.000000000000091 
     2      7      3      4         -0.000000000000000 
     2      7      3      5         -0.000000000000010 
     2      7      3      6          0.004577792051654 
     2      7      3      7         -0.000000000000005 
     2      7      4      0         -0.000000000000000 
     2      7      4      1         -0.000000000000000 
     2      7      4      2          0.000000000000000 
     2      7      4      3         -0.000000000000000 
     2      7      4      4          0.000000000000016 
     2      7      4      5         -0.000000000000000 
     2      7      4      6         -0.000000000000000 
     2      7      4      7         -0.000000000000000 
     3      0      0      0          0.008389998526745 
     3      0      0      1          0.000000000000005 
     3      0      0      2          0.000000000000110 
     3      0      0      3          0.007700151465265 
     3      0      0      4         -0.000000000000000 
     3      0      0      5         -0.006113158816731 
     3      0      0      6         -0.000000000000018 
     3      0      0      7          0.008218507889925 
     3      0      1      0         -0.037129741067951 
     3      0      1      1         -0.000000000000005 
     3      0      1      2         -0.000000000000292 
     3      0      1      3         -0.021170565481904 
     3      0      1      4          0.000000000000001 
     3      0      1      5          0.025920677419423 
     3      0      1      6          0.000000000000047 
     3      0      1      7         -0.001591526930696 
     3      0      2      0          0.000000000000040 
     3      0      2      1         -0.027279265589098 
     3      0      2      2         -0.012918682566454 
     3      0      2      3          0.000000000000201 
     3      0      2      4          0.000000000000000 
     3      0      2      5          0.000000000000033 
     3      0      2      6         -0.002587257647078 
     3      0      2      7         -0.000000000000014 
     3      0      3      0          0.371846393541361 
     3      0      3      1         -0.000000000000042 
     3      0      3      2          0.000000000001501 
     3      0      3      3          0.104401033211043 
     3      0      3      4         -0.000000000000003 
     3      0      3      5         -0.036027827325813 
     3      0      3      6         -0.000000000000144 
     3      0      3      7          0.081278348486604 
     3      0      4      0          0.000000000000000 
     3      0      4      1         -0.000000000000000 
     3      0      4      2         -0.000000000000000 
     3      0      4      3          0.000000000000000 
     3      0      4      4          0.003731353078383 
     3      0      4      5         -0.000000000000000 
     3      0      4      6         -0.000000000000000 
     3      0      4      7         -0.000000000000000 
     3      1      0      0          0.000000000000002 
     3      1      0      1          0.001716293199293 
     3      1      0      2         -0.000776423562918 
     3      1      0      3          0.000000000000014 
     3      1      0      4         -0.000000000000000 
     3      1      0      5         -0.000000000000010 
     3      1      0      6          0.002791483735190 
     3      1      0      7          0.000000000000002 
     3      1      1      0          0.000000000000001 
     3      1      1      1         -0.008244642110788 
     3      1      1      2          0.009893207927416 
     3      1      1      3         -0.000000000000151 
     3      1      1      4         -0.000000000000000 
     3      1      1      5          0.000000000000030 
     3      1      1      6          0.009393584259004 
     3      1      1      7          0.000000000000029 
     3      1      2      0         -0.027772552526242 
     3      1      2      1         -0.000000000000013 
     3      1      2      2         -0.000000000000221 
     3      1      2      3         -0.015165731369031 
     3      1      2      4          0.000000000000000 
     3      1      2      5          0.011049191557144 
     3      1      2      6          0.000000000000005 
     3      1      2      7          0.008028441654703 
     3      1      3      0         -0.000000000000042 
     3      1      3      1          0.385876441224015 
     3      1      3      2          0.099599439562604 
     3      1      3      3         -0.000000000001564 
     3      1      3      4         -0.000000000000001 
     3      1      3      5         -0.000000000000233 
     3      1      3      6          0.122913304283541 
     3      1      3      7          0.000000000000233 
     3      1      4      0         -0.000000000000000 
     3      1      4      1          0.000000000000000 
     3      1      4      2         -0.000000000000000 
     3      1      4      3         -0.000000000000000 
     3      1      4      4          0.000000000000018 
     3      1      4      5          0.000000000000000 
     3      1      4      6         -0.000000000000000 
     3      1      4      7          0.000000000000000 
     3      2      0      0          0.000000000000109 
     3      2      0      1         -0.000769007027606 
     3      2      0      2          0.002503745974862 
     3      2      0      3          0.000000000000155 
     3      2      0      4          0.000000000000000 
     3      2      0      5         -0.000000000000072 
     3      2      0      6          0.002408841865783 
     3      2      0      7          0.000000000000122 
     3      2      1      0         -0.000000000000290 
     3      2      1      1          0.010091678875740 
     3      2      1      2         -0.033666819398447 
     3      2      1      3         -0.000000000000675 
     3      2      1      4          0.000000000000000 
     3      2      1      5          0.000000000000025 
     3      2      1      6         -0.017099150421707 
     3      2      1      7          0.000000000000036 
     3      2      2      0         -0.012738646467004 
     3      2      2      1         -0.000000000000183 
     3      2      2      2         -0.000000000001911 
     3      2      2      3         -0.060013745429775 
     3      2      2      4          0.000000000000001 
     3      2      2      5         -0.003008122514119 
     3      2      2      6         -0.000000000000262 
     3      2      2      7          0.004195136633315 
     3      2      3      0          0.000000000001469 
     3      2      3      1          0.098943362179240 
     3      2      3      2          0.457099746527795 
     3      2      3      3          0.000000000000265 
     3      2      3      4          0.000000000000000 
     3      2      3      5         -0.000000000000717 
     3      2      3      6          0.034591602398968 
     3      2      3      7          0.000000000000499 
     3      2      4      0         -0.000000000000000 
     3      2      4      1         -0.000000000000000 
     3      2      4      2          0.000000000000000 
     3      2      4      3         -0.000000000000000 
     3      2      4      4          0.000000000000003 
     3      2      4      5          0.000000000000000 
     3      2      4      6          0.000000000000000 
     3      2      4      7          0.000000000000000 
     3      3      0      0          0.007617745452858 
     3      3      0      1          0.000000000000017 
     3      3      0      2          0.000000000000154 
     3      3      0      3          0.012778275322330 
     3      3      0      4         -0.000000000000000 
     3      3      0      5         -0.003269317518920 
     3      3      0      6         -0.000000000000053 
     3      3      0      7          0.009663380725879 
     3      3      1      0         -0.020381054921665 
     3      3      1      1         -0.000000000000159 
     3      3      1      2         -0.000000000000668 
     3      3      1      3         -0.075531166030688 
     3      3      1      4          0.000000000000002 
     3      3      1      5         -0.012302428725737 
     3      3      1      6          0.000000000000273 
     3      3      1      7         -0.005761530518158 
     3      3      2      0          0.000000000000195 
     3      3      2      1         -0.013239644738866 
     3      3      2      2         -0.059110752663068 
     3      3      2      3          0.000000000001871 
     3      3      2      4          0.000000000000000 
     3      3      2      5          0.000000000000199 
     3      3      2      6         -0.018390937822868 
     3      3      2      7         -0.000000000000090 
     3      3      3      0          0.102274257825740 
     3      3      3      1         -0.000000000001558 
     3      3      3      2          0.000000000000269 
     3      3      3      3          0.480567596978447 
     3      3      3      4          0.000000000000001 
     3      3      3      5         -0.063485248438271 
     3      3      3      6         -0.000000000000625 
     3      3      3      7          0.025282543662495 
     3      3      4      0          0.000000000000000 
     3      3      4      1         -0.000000000000000 
     3      3      4      2         -0.000000000000000 
     3      3      4      3         -0.000000000000000 
     3      3      4      4         -0.003716171781154 
     3      3      4      5          0.000000000000001 
     3      3      4      6         -0.000000000000000 
     3      3      4      7          0.000000000000001 
     3      4      0      0         -0.000000000000000 
     3      4      0      1         -0.000000000000000 
     3      4      0      2          0.000000000000000 
     3      4      0      3         -0.000000000000000 
     3      4      0      4          0.005311250350989 
     3      4      0      5         -0.000000000000000 
     3      4      0      6         -0.000000000000000 
     3      4      0      7         -0.000000000000000 
     3      4      1      0          0.000000000000001 
     3      4      1      1         -0.000000000000000 
     3      4      1      2          0.000000000000000 
     3      4      1      3          0.000000000000002 
     3      4      1      4          0.033714888688266 
     3      4      1      5          0.000000000000001 
     3      4      1      6          0.000000000000000 
     3      4      1      7          0.000000000000001 
     3      4      2      0          0.000000000000000 
     3      4      2      1          0.000000000000000 
     3      4      2      2          0.000000000000001 
     3      4      2      3          0.000000000000000 
     3      4      2      4         -0.000000000000034 
     3      4      2      5         -0.000000000000000 
     3      4      2      6          0.000000000000001 
     3      4      2      7         -0.000000000000000 
     3      4      3      0         -0.000000000000003 
     3      4      3      1         -0.000000000000001 
     3      4      3      2          0.000000000000000 
     3      4      3      3          0.000000000000001 
     3      4      3      4          0.580561150774079 
     3      4      3      5          0.000000000000002 
     3      4      3      6         -0.000000000000000 
     3      4      3      7         -0.000000000000000 
     3      4      4      0          0.003676267167523 
     3      4      4      1          0.000000000000028 
     3      4      4      2         -0.000000000000007 
     3      4      4      3         -0.004364409714321 
     3      4      4      4          0.000000000000001 
     3      4      4      5          0.034677905246918 
     3      4      4      6          0.000000000000009 
     3      4      4      7          0.022576577611861 
     3      5      0      0         -0.006051450718675 
     3      5      0      1         -0.000000000000016 
     3      5      0      2         -0.000000000000068 
     3      5      0      3         -0.003189307252892 
     3      5      0      4         -0.000000000000000 
     3      5      0      5         -0.007384227197200 
     3      5      0      6          0.000000000000002 
     3      5      0      7         -0.016359101612770 
     3      5      1      0          0.024881388121274 
     3      5      1      1          0.000000000000049 
     3      5      1      2          0.000000000000005 
     3      5      1      3         -0.012875055863219 
     3      5      1      4          0.000000000000001 
     3      5      1      5          0.073063136875589 
     3      5      1      6         -0.000000000000021 
     3      5      1      7          0.074620138810206 
     3      5      2      0          0.000000000000032 
     3      5      2      1          0.009507142991199 
     3      5      2      2         -0.003340870523948 
     3      5      2      3          0.000000000000204 
     3      5      2      4         -0.000000000000000 
     3      5      2      5         -0.000000000000079 
     3      5      2      6          0.020087218705567 
     3      5      2      7         -0.000000000000010 
     3      5      3      0         -0.032411829278332 
     3      5      3      1         -0.000000000000163 
     3      5      3      2         -0.000000000000739 
     3      5      3      3         -0.062992540061230 
     3      5      3      4          0.000000000000002 
     3      5      3      5          0.635767123050344 
     3      5      3      6         -0.000000000000098 
     3      5      3      7          0.042691894990047 
     3      5      4      0         -0.000000000000000 
     3      5      4      1          0.000000000000000 
     3      5      4      2          0.000000000000000 
     3      5      4      3          0.000000000000001 
     3      5      4      4          0.032896815070245 
     3      5      4      5         -0.000000000000001 
     3      5      4      6          0.000000000000000 
     3      5      4      7         -0.000000000000000 
     3      6      0      0         -0.000000000000017 
     3      6      0      1          0.002769494907548 
     3      6      0      2          0.002476641701559 
     3      6      0      3         -0.000000000000053 
     3      6      0      4         -0.000000000000000 
     3      6      0      5          0.000000000000000 
     3      6      0      6          0.005081748713221 
     3      6      0      7         -0.000000000000026 
     3      6      1      0          0.000000000000042 
     3      6      1      1          0.008981359805192 
     3      6      1      2         -0.018214605324293 
     3      6      1      3          0.000000000000289 
     3      6      1      4          0.000000000000000 
     3      6      1      5         -0.000000000000013 
     3      6      1      6          0.040580601425075 
     3      6      1      7          0.000000000000131 
     3      6      2      0         -0.002568490408178 
     3      6      2      1          0.000000000000013 
     3      6      2      2         -0.000000000000275 
     3      6      2      3         -0.019427549673282 
     3      6      2      4          0.000000000000001 
     3      6      2      5          0.021101065677598 
     3      6      2      6         -0.000000000000004 
     3      6      2      7          0.004427261936248 
     3      6      3      0         -0.000000000000143 
     3      6      3      1          0.119650020089126 
     3      6      3      2          0.033795614675927 
     3      6      3      3         -0.000000000000619 
     3      6      3      4         -0.000000000000000 
     3      6      3      5         -0.000000000000072 
     3      6      3      6          0.583465937181808 
     3      6      3      7          0.000000000000045 
     3      6      4      0         -0.000000000000000 
     3      6      4      1         -0.000000000000000 
     3      6      4      2          0.000000000000000 
     3      6      4      3         -0.000000000000000 
     3      6      4      4          0.000000000000010 
     3      6      4      5          0.000000000000000 
     3      6      4      6         -0.000000000000000 
     3      6      4      7          0.000000000000000 
     3      7      0      0          0.008041837532362 
     3      7      0      1          0.000000000000001 
     3      7      0      2          0.000000000000123 
     3      7      0      3          0.009661197416209 
     3      7      0      4         -0.000000000000000 
     3      7      0      5         -0.016482981453876 
     3      7      0      6         -0.000000000000026 
     3      7      0      7          0.012125086981543 
     3      7      1      0         -0.001634244288989 
     3      7      1      1          0.000000000000034 
     3      7      1      2          0.000000000000022 
     3      7      1      3         -0.006380624145436 
     3      7      1      4          0.000000000000001 
     3      7      1      5          0.075291935416635 
     3      7      1      6          0.000000000000130 
     3      7      1      7         -0.017823043539458 
     3      7      2      0         -0.000000000000014 
     3      7      2      1          0.007889497299049 
     3      7      2      2          0.003958038443207 
     3      7      2      3         -0.000000000000088 
     3      7      2      4         -0.000000000000000 
     3      7      2      5         -0.000000000000009 
     3      7      2      6          0.004342912827969 
     3      7      2      7         -0.000000000000016 
     3      7      3      0          0.080176728337946 
     3      7      3      1          0.000000000000265 
     3      7      3      2          0.000000000000476 
     3      7      3      3          0.024849785522067 
     3      7      3      4         -0.000000000000000 
     3      7      3      5          0.043075315012586 
     3      7      3      6          0.000000000000027 
     3      7      3      7          0.542623425545199 
     3      7      4      0         -0.000000000000000 
     3      7      4      1          0.000000000000000 
     3      7      4      2          0.000000000000000 
     3      7      4      3          0.000000000000001 
     3      7      4      4          0.022578386434890 
     3      7      4      5         -0.000000000000000 
     3      7      4      6          0.000000000000000 
     3      7      4      7         -0.000000000000000 
     4      0      0      0          0.000000000000000 
     4      0      0      1         -0.000000000000000 
     4      0      0      2         -0.000000000000000 
     4      0      0      3         -0.000000000000000 
     4      0      0      4         -0.009272423750086 
     4      0      0      5          0.000000000000000 
     4      0      0      6         -0.000000000000000 
     4      0      0      7          0.000000000000000 
     4      0      1      0          0.000000000000000 
     4      0      1      1          0.000000000000000 
     4      0      1      2          0.000000000000000 
     4      0      1      3          0.000000000000001 
     4      0      1      4          0.041488545994194 
     4      0      1      5         -0.000000000000000 
     4      0      1      6          0.000000000000000 
     4      0      1      7          0.000000000000000 
     4      0      2      0          0.000000000000000 
     4      0      2      1         -0.000000000000000 
     4      0      2      2         -0.000000000000000 
     4      0      2      3          0.000000000000000 
     4      0      2      4         -0.000000000000005 
     4      0      2      5          0.000000000000000 
     4      0      2      6         -0.000000000000000 
     4      0      2      7         -0.000000000000000 
     4      0      3      0          0.000000000000000 
     4      0      3      1         -0.000000000000000 
     4      0      3      2         -0.000000000000000 
     4      0      3      3          0.000000000000000 
     4      0      3      4          0.003465430316042 
     4      0      3      5         -0.000000000000000 
     4      0      3      6         -0.000000000000000 
     4      0      3      7         -0.000000000000000 
     4      0      4      0          0.378423903639112 
     4      0      4      1         -0.000000000000002 
     4      0      4      2          0.000000000001584 
     4      0      4      3          0.109868200446207 
     4      0      4      4         -0.000000000000003 
     4      0      4      5         -0.040378334055512 
     4      0      4      6         -0.000000000000173 
     4      0      4      7          0.097240012695948 
     4      1      0      0         -0.000000000000000 
     4      1      0      1          0.000000000000000 
     4      1      0      2          0.000000000000000 
     4      1      0      3         -0.000000000000000 
     4      1      0      4         -0.000000000000010 
     4      1      0      5         -0.000000000000000 
     4      1      0      6          0.000000000000000 
     4      1      0      7         -0.000000000000000 
     4      1      1      0          0.000000000000000 
     4      1      1      1          0.000000000000000 
     4      1      1      2          0.000000000000000 
     4      1      1      3          0.000000000000000 
     4      1      1      4          0.000000000000048 
     4      1      1      5         -0.000000000000000 
     4      1      1      6          0.000000000000000 
     4      1      1      7         -0.000000000000000 
     4      1      2      0         -0.000000000000000 
     4      1      2      1          0.000000000000000 
     4      1      2      2          0.000000000000000 
     4      1      2      3          0.000000000000000 
     4      1      2      4          0.012319123975173 
     4      1      2      5         -0.000000000000000 
     4      1      2      6         -0.000000000000000 
     4      1      2      7          0.000000000000000 
     4      1      3      0         -0.000000000000000 
     4      1      3      1          0.000000000000000 
     4      1      3      2         -0.000000000000000 
     4      1      3      3         -0.000000000000000 
     4      1      3      4          0.000000000000019 
     4      1      3      5          0.000000000000000 
     4      1      3      6         -0.000000000000000 
     4      1      3      7          0.000000000000000 
     4      1      4      0         -0.000000000000017 
     4      1      4      1          0.384801387984180 
     4      1      4      2          0.092131774550532 
     4      1      4      3         -0.000000000001437 
     4      1      4      4         -0.000000000000001 
     4      1      4      5         -0.000000000000254 
     4      1      4      6          0.135554569454154 
     4      1      4      7          0.000000000000249 
     4      2      0      0         -0.000000000000000 
     4      2      0      1          0.000000000000000 
     4      2      0      2          0.000000000000000 
     4      2      0      3         -0.000000000000000 
     4      2      0      4         -0.000000000000122 
     4      2      0      5         -0.000000000000000 
     4      2      0      6          0.000000000000000 
     4      2      0      7         -0.000000000000000 
     4      2      1      0          0.000000000000000 
     4      2      1      1          0.000000000000000 
     4      2      1      2          0.000000000000000 
     4      2      1      3          0.000000000000000 
     4      2      1      4          0.000000000000246 
     4      2      1      5          0.000000000000000 
     4      2      1      6          0.000000000000000 
     4      2      1      7          0.000000000000000 
     4      2      2      0         -0.000000000000000 
     4      2      2      1          0.000000000000000 
     4      2      2      2          0.000000000000000 
     4      2      2      3         -0.000000000000000 
     4      2      2      4          0.001281027839680 
     4      2      2      5         -0.000000000000000 
     4      2      2      6          0.000000000000000 
     4      2      2      7          0.000000000000000 
     4      2      3      0         -0.000000000000000 
     4      2      3      1         -0.000000000000000 
     4      2      3      2          0.000000000000000 
     4      2      3      3         -0.000000000000000 
     4      2      3      4         -0.000000000000001 
     4      2      3      5          0.000000000000000 
     4      2      3      6          0.000000000000000 
     4      2      3      7          0.000000000000000 
     4      2      4      0          0.000000000001567 
     4      2      4      1          0.092007587925277 
     4      2      4      2          0.442075333123985 
     4      2      4      3          0.000000000000563 
     4      2      4      4          0.000000000000001 
     4      2      4      5         -0.000000000000716 
     4      2      4      6          0.038649384330939 
     4      2      4      7          0.000000000000625 
     4      3      0      0         -0.000000000000000 
     4      3      0      1         -0.000000000000000 
     4      3      0      2         -0.000000000000000 
     4      3      0      3         -0.000000000000000 
     4      3      0      4         -0.006888025102384 
     4      3      0      5         -0.000000000000000 
     4      3      0      6         -0.000000000000000 
     4      3      0      7         -0.000000000000001 
     4      3      1      0          0.000000000000001 
     4      3      1      1          0.000000000000000 
     4      3      1      2          0.000000000000000 
     4      3      1      3          0.000000000000001 
     4      3      1      4          0.013203059631363 
     4      3      1      5          0.000000000000000 
     4      3      1      6          0.000000000000000 
     4      3      1      7          0.000000000000002 
     4      3      2      0          0.000000000000000 
     4      3      2      1          0.000000000000000 
     4      3      2      2         -0.000000000000000 
     4      3      2      3          0.000000000000000 
     4      3      2      4         -0.000000000000017 
     4      3      2      5          0.000000000000000 
     4      3      2      6          0.000000000000000 
     4      3      2      7         -0.000000000000000 
     4      3      3      0          0.000000000000000 
     4      3      3      1         -0.000000000000000 
     4      3      3      2         -0.000000000000000 
     4      3      3      3         -0.000000000000000 
     4      3      3      4         -0.004226962520358 
     4      3      3      5          0.000000000000001 
     4      3      3      6         -0.000000000000000 
     4      3      3      7          0.000000000000000 
     4      3      4      0          0.108526265873019 
     4      3      4      1         -0.000000000001425 
     4      3      4      2          0.000000000000562 
     4      3      4      3          0.482617949616779 
     4      3      4      4          0.000000000000003 
     4      3      4      5         -0.059512206409576 
     4      3      4      6         -0.000000000000692 
     4      3      4      7          0.036565095514565 
     4      4      0      0         -0.009286379267568 
     4      4      0      1         -0.000000000000018 
     4      4      0      2         -0.000000000000119 
     4      4      0      3         -0.006884648096725 
     4      4      0      4          0.000000000000000 
     4      4      0      5         -0.007719235008846 
     4      4      0      6          0.000000000000020 
     4      4      0      7         -0.022597454343993 
     4      4      1      0          0.040161278622101 
     4      4      1      1          0.000000000000065 
     4      4      1      2          0.000000000000230 
     4      4      1      3          0.012631171958593 
     4      4      1      4          0.000000000000000 
     4      4      1      5          0.023333870856212 
     4      4      1      6         -0.000000000000088 
     4      4      1      7          0.095486015558234 
     4      4      2      0         -0.000000000000004 
     4      4      2      1          0.010696881207689 
     4      4      2      2          0.000617737341771 
     4      4      2      3         -0.000000000000007 
     4      4      2      4         -0.000000000000001 
     4      4      2      5         -0.000000000000032 
     4      4      2      6          0.023641589592199 
     4      4      2      7          0.000000000000013 
     4      4      3      0          0.004370041228616 
     4      4      3      1          0.000000000000027 
     4      4      3      2          0.000000000000002 
     4      4      3      3         -0.003573560274286 
     4      4      3      4          0.000000000000001 
     4      4      3      5          0.032941659009753 
     4      4      3      6          0.000000000000008 
     4      4      3      7          0.023064676717863 
     4      4      4      0         -0.000000000000003 
     4      4      4      1         -0.000000000000001 
     4      4      4      2          0.000000000000001 
     4      4      4      3          0.000000000000003 
     4      4      4      4          0.662983089364328 
     4      4      4      5          0.000000000000000 
     4      4      4      6          0.000000000000000 
     4      4      4      7         -0.000000000000001 
     4      5      0      0          0.000000000000000 
     4      5      0      1         -0.000000000000000 
     4      5      0      2         -0.000000000000000 
     4      5      0      3         -0.000000000000000 
     4      5      0      4         -0.007781228498908 
     4      5      0      5          0.000000000000000 
     4      5      0      6         -0.000000000000000 
     4      5      0      7          0.000000000000000 
     4      5      1      0         -0.000000000000000 
     4      5      1      1          0.000000000000000 
     4      5      1      2          0.000000000000000 
     4      5      1      3          0.000000000000000 
     4      5      1      4          0.023523246375139 
     4      5      1      5         -0.000000000000000 
     4      5      1      6          0.000000000000000 
     4      5      1      7         -0.000000000000001 
     4      5      2      0          0.000000000000000 
     4      5      2      1         -0.000000000000000 
     4      5      2      2         -0.000000000000000 
     4      5      2      3          0.000000000000000 
     4      5      2      4         -0.000000000000036 
     4      5      2      5         -0.000000000000000 
     4      5      2      6         -0.000000000000000 
     4      5      2      7         -0.000000000000000 
     4      5      3      0         -0.000000000000000 
     4      5      3      1          0.000000000000000 
     4      5      3      2          0.000000000000000 
     4      5      3      3          0.000000000000001 
     4      5      3      4          0.034615952457378 
     4      5      3      5         -0.000000000000001 
     4      5      3      6          0.000000000000000 
     4      5      3      7         -0.000000000000000 
     4      5      4      0         -0.037465634216606 
     4      5      4      1         -0.000000000000194 
     4      5      4      2         -0.000000000000732 
     4      5      4      3         -0.058848466921908 
     4      5      4      4          0.000000000000000 
     4      5      4      5          0.588099025268125 
     4      5      4      6         -0.000000000000143 
     4      5      4      7          0.017182885063243 
     4      6      0      0         -0.000000000000000 
     4      6      0      1          0.000000000000000 
     4      6      0      2          0.000000000000000 
     4      6      0      3         -0.000000000000000 
     4      6      0      4          0.000000000000017 
     4      6      0      5         -0.000000000000000 
     4      6      0      6          0.000000000000000 
     4      6      0      7         -0.000000000000000 
     4      6      1      0          0.000000000000000 
     4      6      1      1          0.000000000000000 
     4      6      1      2          0.000000000000000 
     4      6      1      3          0.000000000000000 
     4      6      1      4         -0.000000000000083 
     4      6      1      5          0.000000000000000 
     4      6      1      6          0.000000000000000 
     4      6      1      7          0.000000000000000 
     4      6      2      0         -0.000000000000000 
     4      6      2      1         -0.000000000000000 
     4      6      2      2          0.000000000000000 
     4      6      2      3          0.000000000000001 
     4      6      2      4          0.024986433459793 
     4      6      2      5         -0.000000000000000 
     4      6      2      6         -0.000000000000000 
     4      6      2      7         -0.000000000000000 
     4      6      3      0         -0.000000000000000 
     4      6      3      1         -0.000000000000000 
     4      6      3      2          0.000000000000000 
     4      6      3      3         -0.000000000000000 
     4      6      3      4          0.000000000000012 
     4      6      3      5          0.000000000000000 
     4      6      3      6         -0.000000000000000 
     4      6      3      7          0.000000000000000 
     4      6      4      0         -0.000000000000170 
     4      6      4      1          0.132526107187143 
     4      6      4      2          0.037960863866192 
     4      6      4      3         -0.000000000000683 
     4      6      4      4          0.000000000000000 
     4      6      4      5         -0.000000000000119 
     4      6      4      6          0.600082703922021 
     4      6      4      7         -0.000000000000010 
     4      7      0      0          0.000000000000000 
     4      7      0      1         -0.000000000000000 
     4      7      0      2         -0.000000000000000 
     4      7      0      3         -0.000000000000001 
     4      7      0      4         -0.022613157887470 
     4      7      0      5          0.000000000000000 
     4      7      0      6         -0.000000000000000 
     4      7      0      7          0.000000000000000 
     4      7      1      0          0.000000000000000 
     4      7      1      1         -0.000000000000000 
     4      7      1      2          0.000000000000000 
     4      7      1      3          0.000000000000002 
     4      7      1      4          0.096243050790753 
     4      7      1      5         -0.000000000000001 
     4      7      1      6          0.000000000000000 
     4      7      1      7         -0.000000000000000 
     4      7      2      0         -0.000000000000000 
     4      7      2      1          0.000000000000000 
     4      7      2      2          0.000000000000000 
     4      7      2      3         -0.000000000000000 
     4      7      2      4          0.000000000000014 
     4      7      2      5         -0.000000000000000 
     4      7      2      6         -0.000000000000000 
     4      7      2      7         -0.000000000000000 
     4      7      3      0         -0.000000000000000 
     4      7      3      1          0.000000000000000 
     4      7      3      2          0.000000000000000 
     4      7      3      3          0.000000000000000 
     4      7      3      4          0.023071257646646 
     4      7      3      5         -0.000000000000000 
     4      7      3      6          0.000000000000000 
     4      7      3      7         -0.000000000000000 
     4      7      4      0          0.095800662964598 
     4      7      4      1          0.000000000000280 
     4      7      4      2          0.000000000000601 
     4      7      4      3          0.036078460991374 
     4      7      4      4         -0.000000000000001 
     4      7      4      5          0.017576069932359 
     4      7      4      6         -0.000000000000028 
     4      7      4      7          0.587436529647472 
