     5      8      8      5 
     0      0      0      0          0.012426295041178 
     0      0      0      1         -0.003025136900937 
     0      0      0      2          0.000000000000000 
     0      0      0      3          0.001360023382739 
     0      0      0      4          0.000000000000000 
     0      0      1      0          0.000000000000011 
     0      0      1      1          0.000000000000009 
     0      0      1      2         -0.002368815372598 
     0      0      1      3          0.000000000000002 
     0      0      1      4         -0.000000000000000 
     0      0      2      0          0.000000000000205 
     0      0      2      1         -0.000000000000049 
     0      0      2      2         -0.001009952689439 
     0      0      2      3          0.000000000000021 
     0      0      2      4         -0.000000000000000 
     0      0      3      0          0.013988443510699 
     0      0      3      1         -0.004710182676182 
     0      0      3      2          0.000000000000015 
     0      0      3      3          0.001595588262931 
     0      0      3      4         -0.000000000000000 
     0      0      4      0         -0.000000000000000 
     0      0      4      1          0.000000000000000 
     0      0      4      2          0.000000000000000 
     0      0      4      3         -0.000000000000000 
     0      0      4      4         -0.009620629661251 
     0      0      5      0         -0.006332371680726 
     0      0      5      1          0.012748277236508 
     0      0      5      2          0.000000000000010 
     0      0      5      3         -0.002558065518156 
     0      0      5      4          0.000000000000000 
     0      0      6      0         -0.000000000000035 
     0      0      6      1          0.000000000000018 
     0      0      6      2         -0.005302125510554 
     0      0      6      3         -0.000000000000001 
     0      0      6      4         -0.000000000000000 
     0      0      7      0          0.022284562893249 
     0      0      7      1          0.000349850321075 
     0      0      7      2         -0.000000000000005 
     0      0      7      3          0.001231111381842 
     0      0      7      4          0.000000000000000 
     0      1      0      0          0.000000000000005 
     0      1      0      1          0.000000000000003 
     0      1      0      2          0.000865111585346 
     0      1      0      3          0.000000000000005 
     0      1      0      4          0.000000000000000 
     0      1      1      0          0.009075480247802 
     0      1      1      1         -0.007905863091076 
     0      1      1      2         -0.000000000000004 
     0      1      1      3         -0.003994222164964 
     0      1      1      4          0.000000000000000 
     0      1      2      0          0.005124379245027 
     0      1      2      1         -0.004353816407035 
     0      1      2      2          0.000000000000019 
     0      1      2      3         -0.002589972152592 
     0      1      2      4          0.000000000000000 
     0      1      3      0         -0.000000000000074 
     0      1      3      1          0.000000000000068 
     0      1      3      2          0.001477737501536 
     0      1      3      3          0.000000000000045 
     0      1      3      4          0.000000000000000 
     0      1      4      0         -0.000000000000000 
     0      1      4      1          0.000000000000000 
     0      1      4      2         -0.000000000000000 
     0      1      4      3          0.000000000000000 
     0      1      4      4         -0.000000000000007 
     0      1      5      0         -0.000000000000019 
     0      1      5      1          0.000000000000027 
     0      1      5      2         -0.001812641059814 
     0      1      5      3          0.000000000000007 
     0      1      5      4         -0.000000000000000 
     0      1      6      0          0.021495702435653 
     0      1      6      1         -0.016833666042714 
     0      1      6      2         -0.000000000000007 
     0      1      6      3         -0.008101348108047 
     0      1      6      4          0.000000000000000 
     0      1      7      0          0.000000000000039 
     0      1      7      1         -0.000000000000014 
     0      1      7      2          0.000827851654705 
     0      1      7      3         -0.000000000000004 
     0      1      7      4          0.000000000000000 
     0      2      0      0          0.000000000000204 
     0      2      0      1         -0.000000000000025 
     0      2      0      2          0.002573426098302 
     0      2      0      3          0.000000000000016 
     0      2      0      4          0.000000000000000 
     0      2      1      0          0.005101981523193 
     0      2      1      1         -0.003192430092186 
     0      2      1      2         -0.000000000000003 
     0      2      1      3         -0.004720024554036 
     0      2      1      4         -0.000000000000000 
     0      2      2      0          0.002887678059925 
     0      2      2      1         -0.001856969885904 
     0      2      2      2          0.000000000000046 
     0      2      2      3         -0.002811610275703 
     0      2      2      4          0.000000000000000 
     0      2      3      0          0.000000000000188 
     0      2      3      1         -0.000000000000020 
     0      2      3      2          0.003482987446694 
     0      2      3      3          0.000000000000064 
     0      2      3      4          0.000000000000000 
     0      2      4      0          0.000000000000000 
     0      2      4      1         -0.000000000000000 
     0      2      4      2         -0.000000000000000 
     0      2      4      3          0.000000000000000 
     0      2      4      4         -0.000000000000200 
     0      2      5      0         -0.000000000000131 
     0      2      5      1          0.000000000000174 
     0      2      5      2         -0.005853011054007 
     0      2      5      3         -0.000000000000032 
     0      2      5      4         -0.000000000000000 
     0      2      6      0          0.012084340791941 
     0      2      6      1         -0.006839718609921 
     0      2      6      2         -0.000000000000017 
     0      2      6      3         -0.009650253234269 
     0      2      6      4         -0.000000000000000 
     0      2      7      0          0.000000000000377 
     0      2      7      1          0.000000000000022 
     0      2      7      2          0.002052421999890 
     0      2      7      3         -0.000000000000006 
     0      2      7      4          0.000000000000000 
     0      3      0      0          0.013802452391604 
     0      3      0      1         -0.002461506637932 
     0      3      0      2         -0.000000000000041 
     0      3      0      3          0.000049000177317 
     0      3      0      4          0.000000000000000 
     0      3      1      0         -0.000000000000070 
     0      3      1      1          0.000000000000054 
     0      3      1      2          0.000045287456507 
     0      3      1      3          0.000000000000073 
     0      3      1      4         -0.000000000000000 
     0      3      2      0          0.000000000000187 
     0      3      2      1         -0.000000000000016 
     0      3      2      2          0.000201291187883 
     0      3      2      3          0.000000000000044 
     0      3      2      4         -0.000000000000000 
     0      3      3      0          0.016359457499287 
     0      3      3      1         -0.004230061600449 
     0      3      3      2         -0.000000000000057 
     0      3      3      3          0.000252053671824 
     0      3      3      4         -0.000000000000000 
     0      3      4      0          0.000000000000001 
     0      3      4      1         -0.000000000000000 
     0      3      4      2          0.000000000000000 
     0      3      4      3         -0.000000000000000 
     0      3      4      4         -0.011669760561921 
     0      3      5      0         -0.012690379533783 
     0      3      5      1          0.012398104799882 
     0      3      5      2          0.000000000000091 
     0      3      5      3         -0.001796901185521 
     0      3      5      4          0.000000000000000 
     0      3      6      0         -0.000000000000224 
     0      3      6      1          0.000000000000113 
     0      3      6      2         -0.000363597953138 
     0      3      6      3          0.000000000000149 
     0      3      6      4         -0.000000000000000 
     0      3      7      0          0.022415706202013 
     0      3      7      1          0.001145501980990 
     0      3      7      2         -0.000000000000033 
     0      3      7      3         -0.000891278325817 
     0      3      7      4          0.000000000000000 
     0      4      0      0         -0.000000000000000 
     0      4      0      1          0.000000000000000 
     0      4      0      2         -0.000000000000000 
     0      4      0      3          0.000000000000000 
     0      4      0      4          0.002548489328891 
     0      4      1      0         -0.000000000000000 
     0      4      1      1          0.000000000000000 
     0      4      1      2         -0.000000000000000 
     0      4      1      3          0.000000000000000 
     0      4      1      4          0.000000000000004 
     0      4      2      0          0.000000000000000 
     0      4      2      1         -0.000000000000000 
     0      4      2      2         -0.000000000000000 
     0      4      2      3         -0.000000000000000 
     0      4      2      4          0.000000000000039 
     0      4      3      0          0.000000000000001 
     0      4      3      1         -0.000000000000000 
     0      4      3      2         -0.000000000000000 
     0      4      3      3         -0.000000000000000 
     0      4      3      4          0.002269552232950 
     0      4      4      0          0.047054831040155 
     0      4      4      1         -0.022121540472019 
     0      4      4      2          0.000000000000002 
     0      4      4      3         -0.007964158760790 
     0      4      4      4          0.000000000000000 
     0      4      5      0          0.000000000000000 
     0      4      5      1         -0.000000000000000 
     0      4      5      2          0.000000000000000 
     0      4      5      3          0.000000000000000 
     0      4      5      4          0.002128029119360 
     0      4      6      0         -0.000000000000000 
     0      4      6      1          0.000000000000000 
     0      4      6      2         -0.000000000000000 
     0      4      6      3          0.000000000000000 
     0      4      6      4         -0.000000000000005 
     0      4      7      0         -0.000000000000000 
     0      4      7      1          0.000000000000000 
     0      4      7      2         -0.000000000000000 
     0      4      7      3          0.000000000000000 
     0      4      7      4          0.006785963446083 
     0      5      0      0         -0.005772069916418 
     0      5      0      1          0.006828265117866 
     0      5      0      2         -0.000000000000008 
     0      5      0      3          0.006746657379720 
     0      5      0      4         -0.000000000000000 
     0      5      1      0         -0.000000000000004 
     0      5      1      1          0.000000000000013 
     0      5      1      2         -0.002001282675883 
     0      5      1      3          0.000000000000012 
     0      5      1      4         -0.000000000000000 
     0      5      2      0         -0.000000000000134 
     0      5      2      1          0.000000000000126 
     0      5      2      2         -0.001382578675233 
     0      5      2      3          0.000000000000122 
     0      5      2      4         -0.000000000000000 
     0      5      3      0         -0.012504402797144 
     0      5      3      1          0.009278594422780 
     0      5      3      2          0.000000000000010 
     0      5      3      3          0.008416502341987 
     0      5      3      4         -0.000000000000000 
     0      5      4      0          0.000000000000000 
     0      5      4      1         -0.000000000000000 
     0      5      4      2          0.000000000000000 
     0      5      4      3         -0.000000000000000 
     0      5      4      4         -0.008228395089072 
     0      5      5      0          0.045180345236959 
     0      5      5      1         -0.016430920698265 
     0      5      5      2          0.000000000000019 
     0      5      5      3         -0.009774816702248 
     0      5      5      4          0.000000000000000 
     0      5      6      0         -0.000000000000044 
     0      5      6      1          0.000000000000016 
     0      5      6      2         -0.004153790860224 
     0      5      6      3          0.000000000000008 
     0      5      6      4         -0.000000000000000 
     0      5      7      0          0.007668132107446 
     0      5      7      1          0.005632772601076 
     0      5      7      2         -0.000000000000015 
     0      5      7      3          0.008932794183599 
     0      5      7      4         -0.000000000000000 
     0      6      0      0         -0.000000000000034 
     0      6      0      1          0.000000000000008 
     0      6      0      2          0.002145193823020 
     0      6      0      3          0.000000000000002 
     0      6      0      4          0.000000000000000 
     0      6      1      0          0.021140414515503 
     0      6      1      1         -0.010099974033957 
     0      6      1      2          0.000000000000012 
     0      6      1      3         -0.003209747562335 
     0      6      1      4          0.000000000000000 
     0      6      2      0          0.011936870168529 
     0      6      2      1         -0.005557033561661 
     0      6      2      2          0.000000000000042 
     0      6      2      3         -0.002086146726251 
     0      6      2      4          0.000000000000000 
     0      6      3      0         -0.000000000000222 
     0      6      3      1          0.000000000000095 
     0      6      3      2          0.002077352260975 
     0      6      3      3          0.000000000000033 
     0      6      3      4          0.000000000000000 
     0      6      4      0         -0.000000000000000 
     0      6      4      1          0.000000000000000 
     0      6      4      2         -0.000000000000000 
     0      6      4      3          0.000000000000000 
     0      6      4      4          0.000000000000009 
     0      6      5      0         -0.000000000000038 
     0      6      5      1          0.000000000000006 
     0      6      5      2          0.003011841369665 
     0      6      5      3          0.000000000000015 
     0      6      5      4          0.000000000000000 
     0      6      6      0          0.050305223223508 
     0      6      6      1         -0.022107406961994 
     0      6      6      2          0.000000000000014 
     0      6      6      3         -0.006733856081526 
     0      6      6      4          0.000000000000000 
     0      6      7      0          0.000000000000004 
     0      6      7      1         -0.000000000000024 
     0      6      7      2          0.005669858333596 
     0      6      7      3         -0.000000000000002 
     0      6      7      4          0.000000000000000 
     0      7      0      0          0.022175835014886 
     0      7      0      1          0.001953085531278 
     0      7      0      2          0.000000000000004 
     0      7      0      3          0.005055566709409 
     0      7      0      4          0.000000000000000 
     0      7      1      0          0.000000000000056 
     0      7      1      1         -0.000000000000001 
     0      7      1      2         -0.007794189405484 
     0      7      1      3         -0.000000000000008 
     0      7      1      4         -0.000000000000000 
     0      7      2      0          0.000000000000369 
     0      7      2      1          0.000000000000024 
     0      7      2      2         -0.004300753702655 
     0      7      2      3          0.000000000000084 
     0      7      2      4         -0.000000000000000 
     0      7      3      0          0.022353537500090 
     0      7      3      1          0.000900799518955 
     0      7      3      2          0.000000000000068 
     0      7      3      3          0.006928223448831 
     0      7      3      4         -0.000000000000000 
     0      7      4      0         -0.000000000000000 
     0      7      4      1          0.000000000000000 
     0      7      4      2          0.000000000000000 
     0      7      4      3         -0.000000000000000 
     0      7      4      4         -0.014519291121179 
     0      7      5      0          0.007589006697045 
     0      7      5      1          0.008664275144486 
     0      7      5      2          0.000000000000030 
     0      7      5      3         -0.012344506453507 
     0      7      5      4          0.000000000000000 
     0      7      6      0         -0.000000000000003 
     0      7      6      1         -0.000000000000021 
     0      7      6      2         -0.017029598017266 
     0      7      6      3         -0.000000000000026 
     0      7      6      4         -0.000000000000000 
     0      7      7      0          0.048298766796108 
     0      7      7      1          0.007740341252706 
     0      7      7      2         -0.000000000000012 
     0      7      7      3          0.004152983459895 
     0      7      7      4          0.000000000000000 
     1      0      0      0         -0.002222713088838 
     1      0      0      1          0.044162618334189 
     1      0      0      2         -0.000000000000004 
     1      0      0      3         -0.025447695218015 
     1      0      0      4         -0.000000000000000 
     1      0      1      0          0.000000000000007 
     1      0      1      1          0.000000000000030 
     1      0      1      2          0.014943426749174 
     1      0      1      3         -0.000000000000040 
     1      0      1      4          0.000000000000000 
     1      0      2      0         -0.000000000000021 
     1      0      2      1          0.000000000000544 
     1      0      2      2          0.012704882396048 
     1      0      2      3         -0.000000000000348 
     1      0      2      4          0.000000000000000 
     1      0      3      0         -0.002095271842810 
     1      0      3      1          0.036727898338560 
     1      0      3      2         -0.000000000000210 
     1      0      3      3         -0.023618873186202 
     1      0      3      4          0.000000000000000 
     1      0      4      0          0.000000000000000 
     1      0      4      1         -0.000000000000001 
     1      0      4      2         -0.000000000000000 
     1      0      4      3          0.000000000000001 
     1      0      4      4          0.019466248107368 
     1      0      5      0          0.007261377430824 
     1      0      5      1         -0.010015424799011 
     1      0      5      2         -0.000000000000052 
     1      0      5      3          0.007386828636696 
     1      0      5      4         -0.000000000000000 
     1      0      6      0          0.000000000000006 
     1      0      6      1         -0.000000000000069 
     1      0      6      2          0.021250105931380 
     1      0      6      3          0.000000000000045 
     1      0      6      4          0.000000000000000 
     1      0      7      0          0.002609288062129 
     1      0      7      1          0.035751126903225 
     1      0      7      2          0.000000000000005 
     1      0      7      3         -0.021086626434532 
     1      0      7      4         -0.000000000000000 
     1      1      0      0          0.000000000000008 
     1      1      0      1          0.000000000000009 
     1      1      0      2          0.034265033973821 
     1      1      0      3         -0.000000000000012 
     1      1      0      4          0.000000000000000 
     1      1      1      0         -0.007960263692162 
     1      1      1      1          0.029102999501271 
     1      1      1      2          0.000000000000080 
     1      1      1      3          0.006844515683009 
     1      1      1      4         -0.000000000000000 
     1      1      2      0         -0.003228443996134 
     1      1      2      1          0.016238796562318 
     1      1      2      2          0.000000000000415 
     1      1      2      3          0.001205478277535 
     1      1      2      4         -0.000000000000000 
     1      1      3      0          0.000000000000052 
     1      1      3      1         -0.000000000000239 
     1      1      3      2          0.027125958055476 
     1      1      3      3         -0.000000000000010 
     1      1      3      4          0.000000000000000 
     1      1      4      0          0.000000000000000 
     1      1      4      1         -0.000000000000000 
     1      1      4      2         -0.000000000000001 
     1      1      4      3         -0.000000000000000 
     1      1      4      4          0.000000000000018 
     1      1      5      0          0.000000000000016 
     1      1      5      1         -0.000000000000055 
     1      1      5      2          0.005066957639204 
     1      1      5      3          0.000000000000018 
     1      1      5      4          0.000000000000000 
     1      1      6      0         -0.010415863240951 
     1      1      6      1          0.024811763110210 
     1      1      6      2         -0.000000000000039 
     1      1      6      3          0.000984250994714 
     1      1      6      4         -0.000000000000000 
     1      1      7      0         -0.000000000000005 
     1      1      7      1          0.000000000000052 
     1      1      7      2          0.039224410603788 
     1      1      7      3          0.000000000000020 
     1      1      7      4          0.000000000000000 
     1      2      0      0         -0.000000000000034 
     1      2      0      1          0.000000000000563 
     1      2      0      2          0.009424189705945 
     1      2      0      3         -0.000000000000318 
     1      2      0      4          0.000000000000000 
     1      2      1      0         -0.004414353898051 
     1      2      1      1          0.016558452621080 
     1      2      1      2          0.000000000000151 
     1      2      1      3          0.010805130795077 
     1      2      1      4          0.000000000000000 
     1      2      2      0         -0.001930543922624 
     1      2      2      1          0.033968597577580 
     1      2      2      2          0.000000000001306 
     1      2      2      3         -0.014034391911975 
     1      2      2      4         -0.000000000000000 
     1      2      3      0         -0.000000000000007 
     1      2      3      1          0.000000000000309 
     1      2      3      2          0.040197204803140 
     1      2      3      3         -0.000000000000342 
     1      2      3      4          0.000000000000000 
     1      2      4      0         -0.000000000000000 
     1      2      4      1         -0.000000000000000 
     1      2      4      2         -0.000000000000001 
     1      2      4      3          0.000000000000000 
     1      2      4      4          0.000000000000246 
     1      2      5      0          0.000000000000128 
     1      2      5      1         -0.000000000000139 
     1      2      5      2          0.008072778790460 
     1      2      5      3          0.000000000000043 
     1      2      5      4          0.000000000000000 
     1      2      6      0         -0.005748318830107 
     1      2      6      1          0.012084543867299 
     1      2      6      2          0.000000000000286 
     1      2      6      3         -0.000739068519264 
     1      2      6      4         -0.000000000000000 
     1      2      7      0          0.000000000000035 
     1      2      7      1          0.000000000000413 
     1      2      7      2          0.012502616260221 
     1      2      7      3         -0.000000000000200 
     1      2      7      4          0.000000000000000 
     1      3      0      0         -0.003925283757012 
     1      3      0      1          0.037116052626219 
     1      3      0      2         -0.000000000000128 
     1      3      0      3         -0.023292160270695 
     1      3      0      4          0.000000000000001 
     1      3      1      0          0.000000000000074 
     1      3      1      1         -0.000000000000227 
     1      3      1      2          0.008221485595762 
     1      3      1      3         -0.000000000000191 
     1      3      1      4          0.000000000000000 
     1      3      2      0         -0.000000000000016 
     1      3      2      1          0.000000000000304 
     1      3      2      2          0.041143673260658 
     1      3      2      3         -0.000000000000379 
     1      3      2      4          0.000000000000000 
     1      3      3      0         -0.003893404877451 
     1      3      3      1          0.054047678467766 
     1      3      3      2         -0.000000000001275 
     1      3      3      3         -0.038690836767221 
     1      3      3      4          0.000000000000001 
     1      3      4      0         -0.000000000000000 
     1      3      4      1         -0.000000000000000 
     1      3      4      2         -0.000000000000000 
     1      3      4      3          0.000000000000001 
     1      3      4      4          0.014365152128887 
     1      3      5      0          0.009576699257383 
     1      3      5      1         -0.007535369955369 
     1      3      5      2         -0.000000000000230 
     1      3      5      3         -0.002577640928244 
     1      3      5      4          0.000000000000000 
     1      3      6      0          0.000000000000096 
     1      3      6      1         -0.000000000000228 
     1      3      6      2          0.017560034025393 
     1      3      6      3          0.000000000000041 
     1      3      6      4          0.000000000000000 
     1      3      7      0          0.001479784283558 
     1      3      7      1          0.025832899482792 
     1      3      7      2         -0.000000000000168 
     1      3      7      3         -0.021023201877976 
     1      3      7      4          0.000000000000002 
     1      4      0      0          0.000000000000000 
     1      4      0      1         -0.000000000000001 
     1      4      0      2         -0.000000000000000 
     1      4      0      3          0.000000000000001 
     1      4      0      4          0.049863269297942 
     1      4      1      0          0.000000000000000 
     1      4      1      1         -0.000000000000000 
     1      4      1      2         -0.000000000000000 
     1      4      1      3         -0.000000000000000 
     1      4      1      4          0.000000000000090 
     1      4      2      0         -0.000000000000000 
     1      4      2      1         -0.000000000000000 
     1      4      2      2         -0.000000000000001 
     1      4      2      3          0.000000000000000 
     1      4      2      4          0.000000000000576 
     1      4      3      0         -0.000000000000000 
     1      4      3      1         -0.000000000000000 
     1      4      3      2         -0.000000000000000 
     1      4      3      3          0.000000000000001 
     1      4      3      4          0.036067303567471 
     1      4      4      0         -0.022346088768901 
     1      4      4      1          0.040182831279963 
     1      4      4      2         -0.000000000000003 
     1      4      4      3          0.009256562375820 
     1      4      4      4         -0.000000000000001 
     1      4      5      0         -0.000000000000000 
     1      4      5      1          0.000000000000000 
     1      4      5      2         -0.000000000000000 
     1      4      5      3          0.000000000000000 
     1      4      5      4          0.014658123938813 
     1      4      6      0          0.000000000000000 
     1      4      6      1         -0.000000000000000 
     1      4      6      2         -0.000000000000000 
     1      4      6      3          0.000000000000000 
     1      4      6      4         -0.000000000000091 
     1      4      7      0          0.000000000000000 
     1      4      7      1         -0.000000000000001 
     1      4      7      2         -0.000000000000000 
     1      4      7      3          0.000000000000001 
     1      4      7      4          0.080250037176554 
     1      5      0      0          0.013188089479618 
     1      5      0      1         -0.008549952141720 
     1      5      0      2         -0.000000000000070 
     1      5      0      3          0.034544119100029 
     1      5      0      4         -0.000000000000001 
     1      5      1      0          0.000000000000024 
     1      5      1      1         -0.000000000000046 
     1      5      1      2          0.002584829695169 
     1      5      1      3          0.000000000000057 
     1      5      1      4          0.000000000000000 
     1      5      2      0          0.000000000000186 
     1      5      2      1         -0.000000000000136 
     1      5      2      2          0.006566331030403 
     1      5      2      3          0.000000000000364 
     1      5      2      4          0.000000000000000 
     1      5      3      0          0.012958385929372 
     1      5      3      1         -0.007077461211336 
     1      5      3      2         -0.000000000000227 
     1      5      3      3          0.019075198888690 
     1      5      3      4         -0.000000000000000 
     1      5      4      0         -0.000000000000000 
     1      5      4      1          0.000000000000000 
     1      5      4      2         -0.000000000000000 
     1      5      4      3         -0.000000000000000 
     1      5      4      4          0.010844636348196 
     1      5      5      0         -0.016619017737546 
     1      5      5      1          0.032297753878635 
     1      5      5      2         -0.000000000000058 
     1      5      5      3          0.026765913997982 
     1      5      5      4         -0.000000000000000 
     1      5      6      0          0.000000000000007 
     1      5      6      1         -0.000000000000035 
     1      5      6      2          0.009038334404002 
     1      5      6      3         -0.000000000000068 
     1      5      6      4          0.000000000000000 
     1      5      7      0          0.009425224486609 
     1      5      7      1         -0.001702373112078 
     1      5      7      2         -0.000000000000095 
     1      5      7      3          0.066509691794351 
     1      5      7      4         -0.000000000000001 
     1      6      0      0          0.000000000000020 
     1      6      0      1         -0.000000000000060 
     1      6      0      2          0.042361462725830 
     1      6      0      3          0.000000000000048 
     1      6      0      4          0.000000000000000 
     1      6      1      0         -0.016806716268467 
     1      6      1      1          0.023826469153399 
     1      6      1      2          0.000000000000049 
     1      6      1      3          0.003220690858909 
     1      6      1      4         -0.000000000000000 
     1      6      2      0         -0.006834810434441 
     1      6      2      1          0.011818628370629 
     1      6      2      2          0.000000000000603 
     1      6      2      3         -0.002365744827558 
     1      6      2      4         -0.000000000000000 
     1      6      3      0          0.000000000000114 
     1      6      3      1         -0.000000000000220 
     1      6      3      2          0.037347739752188 
     1      6      3      3          0.000000000000071 
     1      6      3      4          0.000000000000000 
     1      6      4      0          0.000000000000000 
     1      6      4      1         -0.000000000000000 
     1      6      4      2         -0.000000000000001 
     1      6      4      3          0.000000000000000 
     1      6      4      4         -0.000000000000028 
     1      6      5      0          0.000000000000013 
     1      6      5      1         -0.000000000000030 
     1      6      5      2          0.012681350352765 
     1      6      5      3         -0.000000000000006 
     1      6      5      4          0.000000000000000 
     1      6      6      0         -0.022544269404302 
     1      6      6      1          0.039175838776736 
     1      6      6      2         -0.000000000000095 
     1      6      6      3          0.008584986333184 
     1      6      6      4         -0.000000000000000 
     1      6      7      0         -0.000000000000023 
     1      6      7      1         -0.000000000000039 
     1      6      7      2          0.062096059425498 
     1      6      7      3          0.000000000000088 
     1      6      7      4          0.000000000000000 
     1      7      0      0          0.002310257701105 
     1      7      0      1          0.037439778626633 
     1      7      0      2          0.000000000000028 
     1      7      0      3         -0.002528685065404 
     1      7      0      4         -0.000000000000000 
     1      7      1      0         -0.000000000000007 
     1      7      1      1          0.000000000000081 
     1      7      1      2          0.015000379766817 
     1      7      1      3          0.000000000000021 
     1      7      1      4          0.000000000000000 
     1      7      2      0          0.000000000000040 
     1      7      2      1          0.000000000000411 
     1      7      2      2          0.001387962141648 
     1      7      2      3         -0.000000000000031 
     1      7      2      4          0.000000000000000 
     1      7      3      0          0.002357530431274 
     1      7      3      1          0.026347771742307 
     1      7      3      2          0.000000000000019 
     1      7      3      3         -0.004901461185117 
     1      7      3      4          0.000000000000001 
     1      7      4      0          0.000000000000000 
     1      7      4      1         -0.000000000000001 
     1      7      4      2         -0.000000000000000 
     1      7      4      3          0.000000000000000 
     1      7      4      4          0.034348545719500 
     1      7      5      0          0.005948202717149 
     1      7      5      1         -0.001620263986738 
     1      7      5      2         -0.000000000000022 
     1      7      5      3          0.027364408737855 
     1      7      5      4         -0.000000000000000 
     1      7      6      0         -0.000000000000026 
     1      7      6      1         -0.000000000000051 
     1      7      6      2          0.026951759975650 
     1      7      6      3          0.000000000000040 
     1      7      6      4          0.000000000000000 
     1      7      7      0          0.009426094571971 
     1      7      7      1          0.069032524000548 
     1      7      7      2          0.000000000000080 
     1      7      7      3         -0.003859186457416 
     1      7      7      4         -0.000000000000000 
     2      0      0      0         -0.000000000000001 
     2      0      0      1         -0.000000000000017 
     2      0      0      2          0.032067078531292 
     2      0      0      3          0.000000000000037 
     2      0      0      4          0.000000000000000 
     2      0      1      0          0.002158620705341 
     2      0      1      1          0.034605703201352 
     2      0      1      2         -0.000000000000021 
     2      0      1      3         -0.032475176508323 
     2      0      1      4         -0.000000000000000 
     2      0      2      0          0.003171328550657 
     2      0      2      1          0.008524960527797 
     2      0      2      2          0.000000000000529 
     2      0      2      3         -0.021196878275533 
     2      0      2      4         -0.000000000000000 
     2      0      3      0         -0.000000000000050 
     2      0      3      1         -0.000000000000125 
     2      0      3      2          0.034391746714610 
     2      0      3      3          0.000000000000346 
     2      0      3      4          0.000000000000000 
     2      0      4      0         -0.000000000000000 
     2      0      4      1         -0.000000000000000 
     2      0      4      2         -0.000000000000001 
     2      0      4      3          0.000000000000000 
     2      0      4      4         -0.000000000000002 
     2      0      5      0         -0.000000000000012 
     2      0      5      1         -0.000000000000069 
     2      0      5      2          0.003231618575133 
     2      0      5      3          0.000000000000078 
     2      0      5      4          0.000000000000000 
     2      0      6      0          0.003209963675408 
     2      0      6      1          0.041802424679933 
     2      0      6      2         -0.000000000000024 
     2      0      6      3         -0.021962072419746 
     2      0      6      4         -0.000000000000000 
     2      0      7      0          0.000000000000003 
     2      0      7      1          0.000000000000036 
     2      0      7      2          0.006744522114220 
     2      0      7      3         -0.000000000000022 
     2      0      7      4         -0.000000000000000 
     2      1      0      0         -0.002429500514825 
     2      1      0      1          0.014091614210186 
     2      1      0      2         -0.000000000000023 
     2      1      0      3         -0.018343411215319 
     2      1      0      4         -0.000000000000000 
     2      1      1      0         -0.000000000000007 
     2      1      1      1          0.000000000000051 
     2      1      1      2          0.067947523020754 
     2      1      1      3          0.000000000000021 
     2      1      1      4          0.000000000000000 
     2      1      2      0          0.000000000000001 
     2      1      2      1          0.000000000000109 
     2      1      2      2          0.040022173387099 
     2      1      2      3         -0.000000000000361 
     2      1      2      4          0.000000000000000 
     2      1      3      0          0.000048142066567 
     2      1      3      1          0.007475261385069 
     2      1      3      2         -0.000000000000609 
     2      1      3      3         -0.023423050798560 
     2      1      3      4          0.000000000000000 
     2      1      4      0         -0.000000000000000 
     2      1      4      1         -0.000000000000000 
     2      1      4      2         -0.000000000000000 
     2      1      4      3          0.000000000000001 
     2      1      4      4          0.007825930915720 
     2      1      5      0         -0.001769728988215 
     2      1      5      1          0.002275607262290 
     2      1      5      2         -0.000000000000154 
     2      1      5      3          0.004953621055569 
     2      1      5      4         -0.000000000000000 
     2      1      6      0          0.000000000000013 
     2      1      6      1          0.000000000000009 
     2      1      6      2          0.054696782705366 
     2      1      6      3          0.000000000000018 
     2      1      6      4          0.000000000000000 
     2      1      7      0         -0.007745757378379 
     2      1      7      1          0.015139197704658 
     2      1      7      2          0.000000000000057 
     2      1      7      3          0.005760942177317 
     2      1      7      4         -0.000000000000000 
     2      2      0      0         -0.001236807734145 
     2      2      0      1          0.013117214272747 
     2      2      0      2          0.000000000000537 
     2      2      0      3         -0.019724426230527 
     2      2      0      4         -0.000000000000000 
     2      2      1      0          0.000000000000033 
     2      2      1      1          0.000000000000469 
     2      2      1      2          0.040469500620541 
     2      2      1      3         -0.000000000000306 
     2      2      1      4          0.000000000000000 
     2      2      2      0          0.000000000000050 
     2      2      2      1          0.000000000001320 
     2      2      2      2          0.082918347509396 
     2      2      2      3         -0.000000000001426 
     2      2      2      4          0.000000000000000 
     2      2      3      0          0.000020368643225 
     2      2      3      1          0.041144453756750 
     2      2      3      2          0.000000000000078 
     2      2      3      3         -0.050056692838762 
     2      2      3      4         -0.000000000000000 
     2      2      4      0         -0.000000000000000 
     2      2      4      1         -0.000000000000001 
     2      2      4      2         -0.000000000000000 
     2      2      4      3          0.000000000000001 
     2      2      4      4          0.001773929344181 
     2      2      5      0         -0.001208402914965 
     2      2      5      1          0.006255170713920 
     2      2      5      2         -0.000000000000029 
     2      2      5      3         -0.003900723789500 
     2      2      5      4         -0.000000000000000 
     2      2      6      0          0.000000000000059 
     2      2      6      1          0.000000000000620 
     2      2      6      2          0.027561641665694 
     2      2      6      3         -0.000000000000376 
     2      2      6      4          0.000000000000000 
     2      2      7      0         -0.004264686424834 
     2      2      7      1          0.001287410210892 
     2      2      7      2         -0.000000000000014 
     2      2      7      3          0.007447897427555 
     2      2      7      4         -0.000000000000000 
     2      3      0      0          0.000000000000017 
     2      3      0      1         -0.000000000000213 
     2      3      0      2          0.034769460122383 
     2      3      0      3          0.000000000000324 
     2      3      0      4          0.000000000000000 
     2      3      1      0          0.002437012777870 
     2      3      1      1          0.028820659021096 
     2      3      1      2         -0.000000000000627 
     2      3      1      3         -0.027098021175899 
     2      3      1      4          0.000000000000001 
     2      3      2      0          0.003866696412605 
     2      3      2      1          0.040579559710664 
     2      3      2      2          0.000000000000077 
     2      3      2      3         -0.041576471445563 
     2      3      2      4          0.000000000000000 
     2      3      3      0         -0.000000000000061 
     2      3      3      1         -0.000000000001276 
     2      3      3      2          0.084839657796324 
     2      3      3      3          0.000000000001445 
     2      3      3      4          0.000000000000000 
     2      3      4      0         -0.000000000000000 
     2      3      4      1         -0.000000000000000 
     2      3      4      2         -0.000000000000002 
     2      3      4      3          0.000000000000000 
     2      3      4      4         -0.000000000000027 
     2      3      5      0          0.000000000000005 
     2      3      5      1         -0.000000000000226 
     2      3      5      2          0.009282475700268 
     2      3      5      3          0.000000000000192 
     2      3      5      4          0.000000000000000 
     2      3      6      0          0.002935577432808 
     2      3      6      1          0.037686617538254 
     2      3      6      2         -0.000000000000404 
     2      3      6      3         -0.031309553875217 
     2      3      6      4          0.000000000000002 
     2      3      7      0          0.000000000000066 
     2      3      7      1          0.000000000000023 
     2      3      7      2         -0.002851719643057 
     2      3      7      3         -0.000000000000148 
     2      3      7      4         -0.000000000000000 
     2      4      0      0          0.000000000000000 
     2      4      0      1         -0.000000000000000 
     2      4      0      2         -0.000000000000001 
     2      4      0      3          0.000000000000000 
     2      4      0      4         -0.000000000000021 
     2      4      1      0         -0.000000000000000 
     2      4      1      1         -0.000000000000001 
     2      4      1      2         -0.000000000000001 
     2      4      1      3          0.000000000000001 
     2      4      1      4          0.057945247790594 
     2      4      2      0         -0.000000000000000 
     2      4      2      1         -0.000000000000001 
     2      4      2      2         -0.000000000000000 
     2      4      2      3          0.000000000000001 
     2      4      2      4          0.019374556085500 
     2      4      3      0          0.000000000000000 
     2      4      3      1         -0.000000000000000 
     2      4      3      2         -0.000000000000002 
     2      4      3      3          0.000000000000000 
     2      4      3      4         -0.000000000000285 
     2      4      4      0          0.000000000000003 
     2      4      4      1         -0.000000000000003 
     2      4      4      2          0.014313081472734 
     2      4      4      3         -0.000000000000002 
     2      4      4      4         -0.000000000000001 
     2      4      5      0          0.000000000000000 
     2      4      5      1         -0.000000000000000 
     2      4      5      2         -0.000000000000000 
     2      4      5      3         -0.000000000000000 
     2      4      5      4         -0.000000000000146 
     2      4      6      0         -0.000000000000000 
     2      4      6      1         -0.000000000000001 
     2      4      6      2         -0.000000000000001 
     2      4      6      3          0.000000000000001 
     2      4      6      4          0.079971627014873 
     2      4      7      0          0.000000000000000 
     2      4      7      1         -0.000000000000000 
     2      4      7      2          0.000000000000000 
     2      4      7      3         -0.000000000000000 
     2      4      7      4          0.000000000000070 
     2      5      0      0          0.000000000000011 
     2      5      0      1         -0.000000000000051 
     2      5      0      2          0.004251442659969 
     2      5      0      3          0.000000000000027 
     2      5      0      4          0.000000000000000 
     2      5      1      0         -0.000683355237435 
     2      5      1      1          0.006480870274879 
     2      5      1      2         -0.000000000000153 
     2      5      1      3          0.051094085490645 
     2      5      1      4         -0.000000000000001 
     2      5      2      0         -0.005473857929367 
     2      5      2      1          0.008351022720797 
     2      5      2      2         -0.000000000000021 
     2      5      2      3          0.016621151631052 
     2      5      2      4         -0.000000000000000 
     2      5      3      0          0.000000000000087 
     2      5      3      1         -0.000000000000229 
     2      5      3      2          0.009628945773696 
     2      5      3      3         -0.000000000000126 
     2      5      3      4          0.000000000000000 
     2      5      4      0          0.000000000000000 
     2      5      4      1         -0.000000000000000 
     2      5      4      2         -0.000000000000000 
     2      5      4      3         -0.000000000000001 
     2      5      4      4         -0.000000000000024 
     2      5      5      0          0.000000000000017 
     2      5      5      1         -0.000000000000059 
     2      5      5      2          0.015558996602461 
     2      5      5      3         -0.000000000000139 
     2      5      5      4         -0.000000000000000 
     2      5      6      0          0.003971336269205 
     2      5      6      1          0.013264419607371 
     2      5      6      2         -0.000000000000156 
     2      5      6      3          0.069395799290709 
     2      5      6      4         -0.000000000000001 
     2      5      7      0          0.000000000000033 
     2      5      7      1         -0.000000000000024 
     2      5      7      2          0.002898420159664 
     2      5      7      3          0.000000000000036 
     2      5      7      4         -0.000000000000000 
     2      6      0      0         -0.005348599273630 
     2      6      0      1          0.020474675143658 
     2      6      0      2         -0.000000000000027 
     2      6      0      3         -0.001171596811348 
     2      6      0      4         -0.000000000000000 
     2      6      1      0         -0.000000000000021 
     2      6      1      1         -0.000000000000018 
     2      6      1      2          0.056304751847431 
     2      6      1      3          0.000000000000069 
     2      6      1      4          0.000000000000000 
     2      6      2      0         -0.000000000000013 
     2      6      2      1          0.000000000000284 
     2      6      2      2          0.028031424106006 
     2      6      2      3         -0.000000000000109 
     2      6      2      4          0.000000000000000 
     2      6      3      0         -0.000300630803116 
     2      6      3      1          0.017582307230133 
     2      6      3      2         -0.000000000000414 
     2      6      3      3         -0.009753921357249 
     2      6      3      4          0.000000000000000 
     2      6      4      0         -0.000000000000000 
     2      6      4      1         -0.000000000000000 
     2      6      4      2         -0.000000000000001 
     2      6      4      3          0.000000000000000 
     2      6      4      4          0.014904950574174 
     2      6      5      0         -0.003734597882683 
     2      6      5      1          0.009045131682312 
     2      6      5      2         -0.000000000000159 
     2      6      5      3          0.013245824872828 
     2      6      5      4         -0.000000000000000 
     2      6      6      0          0.000000000000016 
     2      6      6      1         -0.000000000000086 
     2      6      6      2          0.090310053949221 
     2      6      6      3          0.000000000000073 
     2      6      6      4          0.000000000000000 
     2      6      7      0         -0.016802663496639 
     2      6      7      1          0.026681170341572 
     2      6      7      2          0.000000000000055 
     2      6      7      3          0.006831314016361 
     2      6      7      4         -0.000000000000000 
     2      7      0      0         -0.000000000000006 
     2      7      0      1          0.000000000000006 
     2      7      0      2          0.005920438079958 
     2      7      0      3         -0.000000000000001 
     2      7      0      4         -0.000000000000000 
     2      7      1      0          0.003800271714911 
     2      7      1      1          0.043118415370974 
     2      7      1      2          0.000000000000064 
     2      7      1      3          0.005428118236219 
     2      7      1      4         -0.000000000000000 
     2      7      2      0          0.003239899526731 
     2      7      2      1          0.013737239806890 
     2      7      2      2         -0.000000000000023 
     2      7      2      3         -0.000224580440695 
     2      7      2      4         -0.000000000000000 
     2      7      3      0         -0.000000000000050 
     2      7      3      1         -0.000000000000179 
     2      7      3      2         -0.003274001408359 
     2      7      3      3         -0.000000000000008 
     2      7      3      4         -0.000000000000000 
     2      7      4      0         -0.000000000000000 
     2      7      4      1         -0.000000000000000 
     2      7      4      2          0.000000000000000 
     2      7      4      3         -0.000000000000000 
     2      7      4      4          0.000000000000012 
     2      7      5      0         -0.000000000000022 
     2      7      5      1         -0.000000000000102 
     2      7      5      2          0.002804265871523 
     2      7      5      3         -0.000000000000005 
     2      7      5      4         -0.000000000000000 
     2      7      6      0          0.008164188732938 
     2      7      6      1          0.064144319043991 
     2      7      6      2          0.000000000000049 
     2      7      6      3          0.011431335912859 
     2      7      6      4         -0.000000000000000 
     2      7      7      0         -0.000000000000009 
     2      7      7      1          0.000000000000084 
     2      7      7      2          0.024820380451725 
     2      7      7      3          0.000000000000016 
     2      7      7      4         -0.000000000000000 
     3      0      0      0          0.000719090418887 
     3      0      0      1         -0.025565820604969 
     3      0      0      2          0.000000000000046 
     3      0      0      3          0.029114979890861 
     3      0      0      4          0.000000000000000 
     3      0      1      0          0.000000000000011 
     3      0      1      1          0.000000000000009 
     3      0      1      2         -0.017917589636029 
     3      0      1      3         -0.000000000000049 
     3      0      1      4         -0.000000000000000 
     3      0      2      0          0.000000000000007 
     3      0      2      1         -0.000000000000318 
     3      0      2      2         -0.019299308682306 
     3      0      2      3          0.000000000000306 
     3      0      2      4         -0.000000000000000 
     3      0      3      0         -0.000500411026423 
     3      0      3      1         -0.023458167286424 
     3      0      3      2          0.000000000000310 
     3      0      3      3          0.023433155593098 
     3      0      3      4          0.000000000000000 
     3      0      4      0          0.000000000000000 
     3      0      4      1          0.000000000000001 
     3      0      4      2          0.000000000000000 
     3      0      4      3         -0.000000000000001 
     3      0      4      4         -0.000031364257258 
     3      0      5      0          0.008231473256136 
     3      0      5      1          0.034118959993051 
     3      0      5      2          0.000000000000031 
     3      0      5      3         -0.025568492336757 
     3      0      5      4          0.000000000000000 
     3      0      6      0          0.000000000000001 
     3      0      6      1          0.000000000000043 
     3      0      6      2         -0.001865569541783 
     3      0      6      3         -0.000000000000033 
     3      0      6      4         -0.000000000000000 
     3      0      7      0          0.005262185994729 
     3      0      7      1         -0.003319528488966 
     3      0      7      2         -0.000000000000006 
     3      0      7      3          0.005332578613863 
     3      0      7      4          0.000000000000000 
     3      1      0      0          0.000000000000002 
     3      1      0      1         -0.000000000000015 
     3      1      0      2         -0.032003002982453 
     3      1      0      3         -0.000000000000031 
     3      1      0      4         -0.000000000000000 
     3      1      1      0         -0.003893668017015 
     3      1      1      1          0.007484241937960 
     3      1      1      2          0.000000000000051 
     3      1      1      3          0.025687848631908 
     3      1      1      4          0.000000000000000 
     3      1      2      0         -0.004753137760950 
     3      1      2      1          0.011575827031660 
     3      1      2      2         -0.000000000000347 
     3      1      2      3          0.026954292697301 
     3      1      2      4          0.000000000000000 
     3      1      3      0          0.000000000000073 
     3      1      3      1         -0.000000000000189 
     3      1      3      2         -0.026777519640442 
     3      1      3      3         -0.000000000000428 
     3      1      3      4         -0.000000000000000 
     3      1      4      0          0.000000000000000 
     3      1      4      1         -0.000000000000000 
     3      1      4      2          0.000000000000001 
     3      1      4      3         -0.000000000000000 
     3      1      4      4          0.000000000000007 
     3      1      5      0          0.000000000000015 
     3      1      5      1          0.000000000000012 
     3      1      5      2          0.048727010449242 
     3      1      5      3         -0.000000000000030 
     3      1      5      4          0.000000000000000 
     3      1      6      0         -0.003245468434849 
     3      1      6      1          0.003192826059355 
     3      1      6      2          0.000000000000046 
     3      1      6      3          0.008404026467668 
     3      1      6      4         -0.000000000000000 
     3      1      7      0         -0.000000000000005 
     3      1      7      1          0.000000000000010 
     3      1      7      2          0.004306922717523 
     3      1      7      3          0.000000000000027 
     3      1      7      4          0.000000000000000 
     3      2      0      0          0.000000000000013 
     3      2      0      1         -0.000000000000369 
     3      2      0      2         -0.020888381172109 
     3      2      0      3          0.000000000000279 
     3      2      0      4         -0.000000000000000 
     3      2      1      0         -0.002353398072325 
     3      2      1      1          0.000982267801807 
     3      2      1      2         -0.000000000000326 
     3      2      1      3          0.026854164828903 
     3      2      1      4          0.000000000000000 
     3      2      2      0         -0.002692219657052 
     3      2      2      1         -0.013736649673035 
     3      2      2      2         -0.000000000001429 
     3      2      2      3          0.046064417501758 
     3      2      2      4          0.000000000000000 
     3      2      3      0          0.000000000000035 
     3      2      3      1         -0.000000000000406 
     3      2      3      2         -0.041053095268470 
     3      2      3      3         -0.000000000000170 
     3      2      3      4         -0.000000000000000 
     3      2      4      0         -0.000000000000000 
     3      2      4      1          0.000000000000000 
     3      2      4      2          0.000000000000001 
     3      2      4      3         -0.000000000000000 
     3      2      4      4          0.000000000000031 
     3      2      5      0          0.000000000000142 
     3      2      5      1          0.000000000000398 
     3      2      5      2          0.016207457081246 
     3      2      5      3         -0.000000000000345 
     3      2      5      4          0.000000000000000 
     3      2      6      0         -0.002034394999262 
     3      2      6      1         -0.002370705994465 
     3      2      6      2         -0.000000000000121 
     3      2      6      3          0.006082134097246 
     3      2      6      4          0.000000000000000 
     3      2      7      0          0.000000000000084 
     3      2      7      1         -0.000000000000033 
     3      2      7      2         -0.000581165605074 
     3      2      7      3          0.000000000000021 
     3      2      7      4          0.000000000000000 
     3      3      0      0          0.001177365631535 
     3      3      0      1         -0.024319887603806 
     3      3      0      2          0.000000000000350 
     3      3      0      3          0.023089447207080 
     3      3      0      4         -0.000000000000001 
     3      3      1      0          0.000000000000049 
     3      3      1      1          0.000000000000000 
     3      3      1      2         -0.023153306554067 
     3      3      1      3         -0.000000000000451 
     3      3      1      4         -0.000000000000000 
     3      3      2      0          0.000000000000054 
     3      3      2      1         -0.000000000000360 
     3      3      2      2         -0.049652882768466 
     3      3      2      3         -0.000000000000164 
     3      3      2      4         -0.000000000000000 
     3      3      3      0         -0.000145320834193 
     3      3      3      1         -0.039061343583598 
     3      3      3      2          0.000000000001417 
     3      3      3      3          0.039007705233075 
     3      3      3      4         -0.000000000000001 
     3      3      4      0         -0.000000000000000 
     3      3      4      1          0.000000000000001 
     3      3      4      2          0.000000000000000 
     3      3      4      3         -0.000000000000001 
     3      3      4      4         -0.000384895673284 
     3      3      5      0          0.009597817590828 
     3      3      5      1          0.020134714923309 
     3      3      5      2         -0.000000000000124 
     3      3      5      3         -0.030423327188450 
     3      3      5      4          0.000000000000002 
     3      3      6      0          0.000000000000031 
     3      3      6      1          0.000000000000068 
     3      3      6      2         -0.009872787113358 
     3      3      6      3         -0.000000000000125 
     3      3      6      4         -0.000000000000000 
     3      3      7      0          0.007014205019965 
     3      3      7      1         -0.005274531361080 
     3      3      7      2         -0.000000000000004 
     3      3      7      3         -0.001637893064151 
     3      3      7      4          0.000000000000000 
     3      4      0      0         -0.000000000000000 
     3      4      0      1          0.000000000000001 
     3      4      0      2          0.000000000000000 
     3      4      0      3         -0.000000000000001 
     3      4      0      4         -0.028525996877487 
     3      4      1      0          0.000000000000000 
     3      4      1      1         -0.000000000000000 
     3      4      1      2          0.000000000000001 
     3      4      1      3         -0.000000000000000 
     3      4      1      4          0.000000000000068 
     3      4      2      0         -0.000000000000000 
     3      4      2      1          0.000000000000000 
     3      4      2      2          0.000000000000001 
     3      4      2      3         -0.000000000000000 
     3      4      2      4         -0.000000000000315 
     3      4      3      0         -0.000000000000000 
     3      4      3      1          0.000000000000001 
     3      4      3      2          0.000000000000000 
     3      4      3      3         -0.000000000000001 
     3      4      3      4         -0.030049008013740 
     3      4      4      0         -0.008101822255796 
     3      4      4      1          0.009093328637763 
     3      4      4      2         -0.000000000000001 
     3      4      4      3          0.019912647380503 
     3      4      4      4          0.000000000000002 
     3      4      5      0         -0.000000000000000 
     3      4      5      1         -0.000000000000000 
     3      4      5      2         -0.000000000000001 
     3      4      5      3          0.000000000000002 
     3      4      5      4          0.093097358156394 
     3      4      6      0          0.000000000000000 
     3      4      6      1          0.000000000000000 
     3      4      6      2          0.000000000000000 
     3      4      6      3         -0.000000000000000 
     3      4      6      4          0.000000000000078 
     3      4      7      0         -0.000000000000000 
     3      4      7      1          0.000000000000000 
     3      4      7      2         -0.000000000000000 
     3      4      7      3          0.000000000000000 
     3      4      7      4          0.011906057030039 
     3      5      0      0         -0.003603500459504 
     3      5      0      1          0.006341011938470 
     3      5      0      2          0.000000000000077 
     3      5      0      3         -0.026538864252631 
     3      5      0      4          0.000000000000000 
     3      5      1      0         -0.000000000000006 
     3      5      1      1          0.000000000000033 
     3      5      1      2          0.004132160459991 
     3      5      1      3          0.000000000000021 
     3      5      1      4          0.000000000000000 
     3      5      2      0         -0.000000000000035 
     3      5      2      1          0.000000000000021 
     3      5      2      2         -0.003985576919940 
     3      5      2      3         -0.000000000000380 
     3      5      2      4          0.000000000000000 
     3      5      3      0         -0.002487740784527 
     3      5      3      1         -0.002965399076797 
     3      5      3      2          0.000000000000186 
     3      5      3      3         -0.031102577542048 
     3      5      3      4          0.000000000000001 
     3      5      4      0          0.000000000000000 
     3      5      4      1          0.000000000000000 
     3      5      4      2         -0.000000000000000 
     3      5      4      3          0.000000000000002 
     3      5      4      4          0.019685924032154 
     3      5      5      0         -0.008550877169487 
     3      5      5      1          0.027313271623496 
     3      5      5      2         -0.000000000000134 
     3      5      5      3          0.122695181462531 
     3      5      5      4         -0.000000000000001 
     3      5      6      0          0.000000000000020 
     3      5      6      1         -0.000000000000011 
     3      5      6      2          0.013190646892175 
     3      5      6      3          0.000000000000063 
     3      5      6      4          0.000000000000000 
     3      5      7      0         -0.012230556964305 
     3      5      7      1          0.027247733148618 
     3      5      7      2         -0.000000000000003 
     3      5      7      3          0.020630380017525 
     3      5      7      4         -0.000000000000000 
     3      6      0      0          0.000000000000003 
     3      6      0      1          0.000000000000040 
     3      6      0      2         -0.023266165692074 
     3      6      0      3         -0.000000000000040 
     3      6      0      4         -0.000000000000000 
     3      6      1      0         -0.008010028431165 
     3      6      1      1          0.001098519226346 
     3      6      1      2          0.000000000000053 
     3      6      1      3          0.007592072914107 
     3      6      1      4         -0.000000000000000 
     3      6      2      0         -0.009730118927595 
     3      6      2      1         -0.001057104420054 
     3      6      2      2         -0.000000000000397 
     3      6      2      3          0.005667067475320 
     3      6      2      4          0.000000000000000 
     3      6      3      0          0.000000000000151 
     3      6      3      1          0.000000000000040 
     3      6      3      2         -0.032249330333160 
     3      6      3      3         -0.000000000000126 
     3      6      3      4         -0.000000000000000 
     3      6      4      0          0.000000000000000 
     3      6      4      1          0.000000000000000 
     3      6      4      2          0.000000000000001 
     3      6      4      3         -0.000000000000000 
     3      6      4      4          0.000000000000015 
     3      6      5      0          0.000000000000005 
     3      6      5      1         -0.000000000000054 
     3      6      5      2          0.070208987847381 
     3      6      5      3          0.000000000000081 
     3      6      5      4          0.000000000000000 
     3      6      6      0         -0.006835438941908 
     3      6      6      1          0.008572994993048 
     3      6      6      2          0.000000000000063 
     3      6      6      3          0.018726553907610 
     3      6      6      4         -0.000000000000000 
     3      6      7      0         -0.000000000000025 
     3      6      7      1          0.000000000000041 
     3      6      7      2          0.010523424462206 
     3      6      7      3          0.000000000000010 
     3      6      7      4          0.000000000000000 
     3      7      0      0         -0.000486362702376 
     3      7      0      1         -0.023281959169816 
     3      7      0      2         -0.000000000000025 
     3      7      0      3          0.004457143650491 
     3      7      0      4          0.000000000000000 
     3      7      1      0          0.000000000000003 
     3      7      1      1          0.000000000000040 
     3      7      1      2          0.005936493123717 
     3      7      1      3          0.000000000000036 
     3      7      1      4          0.000000000000000 
     3      7      2      0         -0.000000000000024 
     3      7      2      1         -0.000000000000238 
     3      7      2      2          0.007673531351558 
     3      7      2      3          0.000000000000006 
     3      7      2      4          0.000000000000000 
     3      7      3      0         -0.002267403542397 
     3      7      3      1         -0.022668347779002 
     3      7      3      2         -0.000000000000150 
     3      7      3      3         -0.002249544906217 
     3      7      3      4          0.000000000000000 
     3      7      4      0          0.000000000000000 
     3      7      4      1          0.000000000000001 
     3      7      4      2         -0.000000000000000 
     3      7      4      3          0.000000000000000 
     3      7      4      4          0.005678594373994 
     3      7      5      0          0.012018779993002 
     3      7      5      1          0.069818151485370 
     3      7      5      2          0.000000000000033 
     3      7      5      3          0.021642520838039 
     3      7      5      4         -0.000000000000000 
     3      7      6      0         -0.000000000000000 
     3      7      6      1          0.000000000000082 
     3      7      6      2          0.006756055884555 
     3      7      6      3          0.000000000000007 
     3      7      6      4          0.000000000000000 
     3      7      7      0          0.004326047850298 
     3      7      7      1         -0.004289703043546 
     3      7      7      2          0.000000000000015 
     3      7      7      3          0.028569985713615 
     3      7      7      4         -0.000000000000000 
     4      0      0      0         -0.000000000000000 
     4      0      0      1         -0.000000000000000 
     4      0      0      2          0.000000000000000 
     4      0      0      3          0.000000000000000 
     4      0      0      4          0.014240370560008 
     4      0      1      0          0.000000000000000 
     4      0      1      1          0.000000000000000 
     4      0      1      2         -0.000000000000000 
     4      0      1      3         -0.000000000000000 
     4      0      1      4          0.000000000000011 
     4      0      2      0          0.000000000000000 
     4      0      2      1          0.000000000000000 
     4      0      2      2         -0.000000000000000 
     4      0      2      3         -0.000000000000000 
     4      0      2      4          0.000000000000203 
     4      0      3      0          0.000000000000000 
     4      0      3      1          0.000000000000001 
     4      0      3      2          0.000000000000000 
     4      0      3      3         -0.000000000000001 
     4      0      3      4          0.013080569370477 
     4      0      4      0          0.004263351397495 
     4      0      4      1          0.049211269292246 
     4      0      4      2         -0.000000000000016 
     4      0      4      3         -0.026486360932541 
     4      0      4      4         -0.000000000000000 
     4      0      5      0         -0.000000000000000 
     4      0      5      1         -0.000000000000001 
     4      0      5      2          0.000000000000000 
     4      0      5      3          0.000000000000000 
     4      0      5      4          0.001777477072066 
     4      0      6      0          0.000000000000000 
     4      0      6      1          0.000000000000000 
     4      0      6      2         -0.000000000000000 
     4      0      6      3         -0.000000000000000 
     4      0      6      4         -0.000000000000017 
     4      0      7      0         -0.000000000000000 
     4      0      7      1         -0.000000000000000 
     4      0      7      2         -0.000000000000000 
     4      0      7      3          0.000000000000000 
     4      0      7      4          0.011573594660625 
     4      1      0      0         -0.000000000000000 
     4      1      0      1          0.000000000000000 
     4      1      0      2         -0.000000000000000 
     4      1      0      3         -0.000000000000000 
     4      1      0      4          0.000000000000002 
     4      1      1      0         -0.000000000000000 
     4      1      1      1         -0.000000000000000 
     4      1      1      2          0.000000000000000 
     4      1      1      3          0.000000000000000 
     4      1      1      4          0.009449791802448 
     4      1      2      0         -0.000000000000000 
     4      1      2      1         -0.000000000000000 
     4      1      2      2          0.000000000000000 
     4      1      2      3          0.000000000000000 
     4      1      2      4          0.006461966375961 
     4      1      3      0          0.000000000000000 
     4      1      3      1          0.000000000000000 
     4      1      3      2          0.000000000000001 
     4      1      3      3         -0.000000000000000 
     4      1      3      4         -0.000000000000098 
     4      1      4      0          0.000000000000004 
     4      1      4      1          0.000000000000043 
     4      1      4      2          0.055003705400067 
     4      1      4      3          0.000000000000026 
     4      1      4      4          0.000000000000000 
     4      1      5      0         -0.000000000000000 
     4      1      5      1          0.000000000000000 
     4      1      5      2         -0.000000000000001 
     4      1      5      3          0.000000000000000 
     4      1      5      4         -0.000000000000015 
     4      1      6      0         -0.000000000000000 
     4      1      6      1          0.000000000000000 
     4      1      6      2          0.000000000000000 
     4      1      6      3          0.000000000000000 
     4      1      6      4          0.008082062944298 
     4      1      7      0         -0.000000000000000 
     4      1      7      1          0.000000000000000 
     4      1      7      2         -0.000000000000000 
     4      1      7      3          0.000000000000000 
     4      1      7      4          0.000000000000026 
     4      2      0      0         -0.000000000000000 
     4      2      0      1          0.000000000000000 
     4      2      0      2         -0.000000000000000 
     4      2      0      3         -0.000000000000000 
     4      2      0      4          0.000000000000202 
     4      2      1      0         -0.000000000000000 
     4      2      1      1         -0.000000000000000 
     4      2      1      2          0.000000000000000 
     4      2      1      3          0.000000000000000 
     4      2      1      4          0.006393564843561 
     4      2      2      0         -0.000000000000000 
     4      2      2      1         -0.000000000000000 
     4      2      2      2          0.000000000000000 
     4      2      2      3          0.000000000000000 
     4      2      2      4          0.007908483975088 
     4      2      3      0         -0.000000000000000 
     4      2      3      1          0.000000000000000 
     4      2      3      2          0.000000000000000 
     4      2      3      3         -0.000000000000000 
     4      2      3      4          0.000000000000213 
     4      2      4      0          0.000000000000066 
     4      2      4      1          0.000000000000610 
     4      2      4      2          0.018911579708871 
     4      2      4      3         -0.000000000000279 
     4      2      4      4          0.000000000000001 
     4      2      5      0         -0.000000000000000 
     4      2      5      1          0.000000000000000 
     4      2      5      2         -0.000000000000000 
     4      2      5      3          0.000000000000000 
     4      2      5      4          0.000000000000037 
     4      2      6      0         -0.000000000000000 
     4      2      6      1         -0.000000000000000 
     4      2      6      2          0.000000000000000 
     4      2      6      3          0.000000000000000 
     4      2      6      4          0.001447666246875 
     4      2      7      0         -0.000000000000000 
     4      2      7      1          0.000000000000000 
     4      2      7      2         -0.000000000000000 
     4      2      7      3          0.000000000000000 
     4      2      7      4         -0.000000000000006 
     4      3      0      0         -0.000000000000000 
     4      3      0      1          0.000000000000000 
     4      3      0      2          0.000000000000000 
     4      3      0      3          0.000000000000000 
     4      3      0      4          0.012873948012538 
     4      3      1      0          0.000000000000000 
     4      3      1      1          0.000000000000000 
     4      3      1      2          0.000000000000000 
     4      3      1      3         -0.000000000000000 
     4      3      1      4         -0.000000000000083 
     4      3      2      0          0.000000000000000 
     4      3      2      1          0.000000000000000 
     4      3      2      2         -0.000000000000000 
     4      3      2      3         -0.000000000000000 
     4      3      2      4          0.000000000000208 
     4      3      3      0         -0.000000000000000 
     4      3      3      1          0.000000000000001 
     4      3      3      2          0.000000000000000 
     4      3      3      3         -0.000000000000001 
     4      3      3      4          0.021001899343115 
     4      3      4      0          0.003790383764269 
     4      3      4      1          0.037011968006241 
     4      3      4      2         -0.000000000000280 
     4      3      4      3         -0.029122561060975 
     4      3      4      4          0.000000000000003 
     4      3      5      0         -0.000000000000000 
     4      3      5      1         -0.000000000000000 
     4      3      5      2          0.000000000000000 
     4      3      5      3          0.000000000000001 
     4      3      5      4          0.000898543652906 
     4      3      6      0          0.000000000000000 
     4      3      6      1          0.000000000000000 
     4      3      6      2          0.000000000000000 
     4      3      6      3         -0.000000000000000 
     4      3      6      4         -0.000000000000026 
     4      3      7      0         -0.000000000000000 
     4      3      7      1          0.000000000000001 
     4      3      7      2         -0.000000000000000 
     4      3      7      3          0.000000000000000 
     4      3      7      4         -0.000907450438057 
     4      4      0      0         -0.010150366995879 
     4      4      0      1          0.018828894681995 
     4      4      0      2         -0.000000000000003 
     4      4      0      3          0.000533758397833 
     4      4      0      4         -0.000000000000000 
     4      4      1      0         -0.000000000000021 
     4      4      1      1          0.000000000000033 
     4      4      1      2          0.007569447791093 
     4      4      1      3          0.000000000000017 
     4      4      1      4          0.000000000000000 
     4      4      2      0         -0.000000000000200 
     4      4      2      1          0.000000000000241 
     4      4      2      2          0.001948692662464 
     4      4      2      3          0.000000000000031 
     4      4      2      4          0.000000000000001 
     4      4      3      0         -0.012002266471022 
     4      4      3      1          0.014474381854523 
     4      4      3      2         -0.000000000000030 
     4      4      3      3         -0.000231531206682 
     4      4      3      4          0.000000000000003 
     4      4      4      0          0.000000000000000 
     4      4      4      1         -0.000000000000001 
     4      4      4      2         -0.000000000000001 
     4      4      4      3          0.000000000000002 
     4      4      4      4          0.140608794565842 
     4      4      5      0         -0.008144175820686 
     4      4      5      1          0.010732635952109 
     4      4      5      2         -0.000000000000023 
     4      4      5      3          0.019686697124736 
     4      4      5      4         -0.000000000000001 
     4      4      6      0          0.000000000000014 
     4      4      6      1         -0.000000000000033 
     4      4      6      2          0.014889445372998 
     4      4      6      3          0.000000000000012 
     4      4      6      4          0.000000000000001 
     4      4      7      0         -0.014975157589542 
     4      4      7      1          0.034050300561496 
     4      4      7      2          0.000000000000011 
     4      4      7      3          0.005875456796941 
     4      4      7      4         -0.000000000000000 
     4      5      0      0          0.000000000000000 
     4      5      0      1         -0.000000000000000 
     4      5      0      2          0.000000000000000 
     4      5      0      3         -0.000000000000000 
     4      5      0      4          0.002024898504380 
     4      5      1      0         -0.000000000000000 
     4      5      1      1          0.000000000000000 
     4      5      1      2         -0.000000000000000 
     4      5      1      3          0.000000000000000 
     4      5      1      4         -0.000000000000005 
     4      5      2      0         -0.000000000000000 
     4      5      2      1          0.000000000000000 
     4      5      2      2         -0.000000000000000 
     4      5      2      3          0.000000000000000 
     4      5      2      4          0.000000000000036 
     4      5      3      0          0.000000000000000 
     4      5      3      1          0.000000000000000 
     4      5      3      2          0.000000000000000 
     4      5      3      3          0.000000000000002 
     4      5      3      4          0.001095302506768 
     4      5      4      0          0.003486304099253 
     4      5      4      1          0.015413453201716 
     4      5      4      2         -0.000000000000142 
     4      5      4      3          0.093262071577345 
     4      5      4      4         -0.000000000000001 
     4      5      5      0          0.000000000000000 
     4      5      5      1         -0.000000000000000 
     4      5      5      2         -0.000000000000000 
     4      5      5      3         -0.000000000000001 
     4      5      5      4          0.021073847821561 
     4      5      6      0          0.000000000000000 
     4      5      6      1          0.000000000000000 
     4      5      6      2         -0.000000000000000 
     4      5      6      3          0.000000000000000 
     4      5      6      4         -0.000000000000011 
     4      5      7      0          0.000000000000000 
     4      5      7      1         -0.000000000000000 
     4      5      7      2         -0.000000000000000 
     4      5      7      3         -0.000000000000000 
     4      5      7      4          0.006067324513980 
     4      6      0      0         -0.000000000000000 
     4      6      0      1          0.000000000000000 
     4      6      0      2         -0.000000000000000 
     4      6      0      3         -0.000000000000000 
     4      6      0      4         -0.000000000000014 
     4      6      1      0         -0.000000000000000 
     4      6      1      1          0.000000000000000 
     4      6      1      2          0.000000000000000 
     4      6      1      3          0.000000000000000 
     4      6      1      4          0.007655458122301 
     4      6      2      0         -0.000000000000000 
     4      6      2      1          0.000000000000000 
     4      6      2      2          0.000000000000000 
     4      6      2      3          0.000000000000000 
     4      6      2      4          0.001266484697342 
     4      6      3      0         -0.000000000000000 
     4      6      3      1          0.000000000000000 
     4      6      3      2          0.000000000000002 
     4      6      3      3         -0.000000000000000 
     4      6      3      4         -0.000000000000019 
     4      6      4      0         -0.000000000000008 
     4      6      4      1         -0.000000000000077 
     4      6      4      2          0.081062411108313 
     4      6      4      3          0.000000000000093 
     4      6      4      4          0.000000000000001 
     4      6      5      0         -0.000000000000000 
     4      6      5      1          0.000000000000000 
     4      6      5      2         -0.000000000000001 
     4      6      5      3          0.000000000000000 
     4      6      5      4         -0.000000000000007 
     4      6      6      0         -0.000000000000000 
     4      6      6      1          0.000000000000000 
     4      6      6      2          0.000000000000000 
     4      6      6      3         -0.000000000000000 
     4      6      6      4          0.017774496297627 
     4      6      7      0         -0.000000000000000 
     4      6      7      1          0.000000000000000 
     4      6      7      2         -0.000000000000000 
     4      6      7      3          0.000000000000000 
     4      6      7      4         -0.000000000000026 
     4      7      0      0          0.000000000000000 
     4      7      0      1         -0.000000000000000 
     4      7      0      2         -0.000000000000000 
     4      7      0      3         -0.000000000000000 
     4      7      0      4          0.011160919956701 
     4      7      1      0          0.000000000000000 
     4      7      1      1          0.000000000000000 
     4      7      1      2          0.000000000000000 
     4      7      1      3          0.000000000000000 
     4      7      1      4          0.000000000000026 
     4      7      2      0          0.000000000000000 
     4      7      2      1          0.000000000000000 
     4      7      2      2          0.000000000000000 
     4      7      2      3          0.000000000000000 
     4      7      2      4         -0.000000000000010 
     4      7      3      0          0.000000000000000 
     4      7      3      1          0.000000000000002 
     4      7      3      2         -0.000000000000000 
     4      7      3      3          0.000000000000000 
     4      7      3      4         -0.001119172377837 
     4      7      4      0          0.010494127249341 
     4      7      4      1          0.083907809485456 
     4      7      4      2          0.000000000000066 
     4      7      4      3          0.013185697986813 
     4      7      4      4         -0.000000000000000 
     4      7      5      0         -0.000000000000000 
     4      7      5      1         -0.000000000000001 
     4      7      5      2         -0.000000000000000 
     4      7      5      3         -0.000000000000000 
     4      7      5      4          0.006076575186554 
     4      7      6      0          0.000000000000000 
     4      7      6      1          0.000000000000000 
     4      7      6      2         -0.000000000000000 
     4      7      6      3          0.000000000000000 
     4      7      6      4         -0.000000000000027 
     4      7      7      0          0.000000000000000 
     4      7      7      1         -0.000000000000000 
     4      7      7      2         -0.000000000000000 
     4      7      7      3         -0.000000000000000 
     4      7      7      4          0.045631819756514 
