     5      5      8      8 
     0      0      0      0          0.012307975703013 
     0      0      0      1          0.000000000000010 
     0      0      0      2          0.000000000000202 
     0      0      0      3          0.013805456308596 
     0      0      0      4         -0.000000000000000 
     0      0      0      5         -0.005918122730206 
     0      0      0      6         -0.000000000000037 
     0      0      0      7          0.022226416085123 
     0      0      1      0          0.000000000000010 
     0      0      1      1          0.008981385552172 
     0      0      1      2          0.005071809172358 
     0      0      1      3         -0.000000000000070 
     0      0      1      4         -0.000000000000000 
     0      0      1      5         -0.000000000000004 
     0      0      1      6          0.021284462363310 
     0      0      1      7          0.000000000000057 
     0      0      2      0          0.000000000000202 
     0      0      2      1          0.005071809172358 
     0      0      2      2          0.002870774564043 
     0      0      2      3          0.000000000000187 
     0      0      2      4          0.000000000000000 
     0      0      2      5         -0.000000000000136 
     0      0      2      6          0.012019214761151 
     0      0      2      7          0.000000000000371 
     0      0      3      0          0.013805456308596 
     0      0      3      1         -0.000000000000070 
     0      0      3      2          0.000000000000187 
     0      0      3      3          0.016359461499578 
     0      0      3      4          0.000000000000001 
     0      0      3      5         -0.012661991805571 
     0      0      3      6         -0.000000000000225 
     0      0      3      7          0.022438005999329 
     0      0      4      0         -0.000000000000000 
     0      0      4      1         -0.000000000000000 
     0      0      4      2          0.000000000000000 
     0      0      4      3          0.000000000000001 
     0      0      4      4          0.046891217120098 
     0      0      4      5          0.000000000000000 
     0      0      4      6         -0.000000000000000 
     0      0      4      7         -0.000000000000001 
     0      0      5      0         -0.005918122730206 
     0      0      5      1         -0.000000000000004 
     0      0      5      2         -0.000000000000136 
     0      0      5      3         -0.012661991805571 
     0      0      5      4          0.000000000000000 
     0      0      5      5          0.045180737054219 
     0      0      5      6         -0.000000000000042 
     0      0      5      7          0.007363170142440 
     0      0      6      0         -0.000000000000037 
     0      0      6      1          0.021284462363310 
     0      0      6      2          0.012019214761151 
     0      0      6      3         -0.000000000000225 
     0      0      6      4         -0.000000000000000 
     0      0      6      5         -0.000000000000042 
     0      0      6      6          0.050669889061434 
     0      0      6      7         -0.000000000000002 
     0      0      7      0          0.022226416085122 
     0      0      7      1          0.000000000000057 
     0      0      7      2          0.000000000000371 
     0      0      7      3          0.022438005999329 
     0      0      7      4         -0.000000000000001 
     0      0      7      5          0.007363170142440 
     0      0      7      6         -0.000000000000002 
     0      0      7      7          0.048303183120671 
     0      1      0      0         -0.001979411053633 
     0      1      0      1          0.000000000000003 
     0      1      0      2         -0.000000000000000 
     0      1      0      3          0.000084017297791 
     0      1      0      4          0.000000000000000 
     0      1      0      5          0.000896991610379 
     0      1      0      6         -0.000000000000006 
     0      1      0      7          0.003209271968958 
     0      1      1      0          0.000000000000016 
     0      1      1      1         -0.007861393894400 
     0      1      1      2         -0.001990007687185 
     0      1      1      3          0.000000000000038 
     0      1      1      4          0.000000000000000 
     0      1      1      5          0.000000000000001 
     0      1      1      6         -0.003632337367391 
     0      1      1      7          0.000000000000007 
     0      1      2      0         -0.000000000000051 
     0      1      2      1         -0.005580815761637 
     0      1      2      2         -0.001928051732795 
     0      1      2      3         -0.000000000000001 
     0      1      2      4         -0.000000000000000 
     0      1      2      5          0.000000000000072 
     0      1      2      6         -0.004531924996383 
     0      1      2      7          0.000000000000030 
     0      1      3      0         -0.005783465276731 
     0      1      3      1          0.000000000000092 
     0      1      3      2         -0.000000000000021 
     0      1      3      3         -0.003814756454681 
     0      1      3      4         -0.000000000000000 
     0      1      3      5          0.006127086361015 
     0      1      3      6          0.000000000000078 
     0      1      3      7          0.000757543744255 
     0      1      4      0          0.000000000000000 
     0      1      4      1          0.000000000000000 
     0      1      4      2         -0.000000000000000 
     0      1      4      3         -0.000000000000000 
     0      1      4      4         -0.022200774726992 
     0      1      4      5         -0.000000000000000 
     0      1      4      6          0.000000000000000 
     0      1      4      7          0.000000000000000 
     0      1      5      0          0.019398707633990 
     0      1      5      1          0.000000000000035 
     0      1      5      2          0.000000000000243 
     0      1      5      3          0.016430718616912 
     0      1      5      4         -0.000000000000000 
     0      1      5      5         -0.016639207056328 
     0      1      5      6         -0.000000000000001 
     0      1      5      7          0.012821247981266 
     0      1      6      0          0.000000000000031 
     0      1      6      1         -0.023572778502747 
     0      1      6      2         -0.008048847200490 
     0      1      6      3          0.000000000000132 
     0      1      6      4          0.000000000000000 
     0      1      6      5          0.000000000000021 
     0      1      6      6         -0.022687668357575 
     0      1      6      7         -0.000000000000022 
     0      1      7      0          0.002054807281477 
     0      1      7      1         -0.000000000000014 
     0      1      7      2          0.000000000000046 
     0      1      7      3          0.003315629373691 
     0      1      7      4          0.000000000000000 
     0      1      7      5          0.002706854841908 
     0      1      7      6         -0.000000000000030 
     0      1      7      7          0.009670982683830 
     0      2      0      0         -0.000000000000001 
     0      2      0      1          0.006948166271428 
     0      2      0      2          0.007582761063635 
     0      2      0      3         -0.000000000000117 
     0      2      0      4         -0.000000000000000 
     0      2      0      5         -0.000000000000035 
     0      2      0      6          0.012193924931224 
     0      2      0      7          0.000000000000014 
     0      2      1      0         -0.007067666495700 
     0      2      1      1         -0.000000000000006 
     0      2      1      2         -0.000000000000034 
     0      2      1      3         -0.002419921853179 
     0      2      1      4          0.000000000000000 
     0      2      1      5         -0.002841832073918 
     0      2      1      6          0.000000000000054 
     0      2      1      7         -0.019393313527951 
     0      2      2      0         -0.005648998257250 
     0      2      2      1          0.000000000000069 
     0      2      2      2          0.000000000000051 
     0      2      2      3         -0.003910278897782 
     0      2      2      4          0.000000000000000 
     0      2      2      5          0.003090251238024 
     0      2      2      6          0.000000000000133 
     0      2      2      7         -0.011889032211389 
     0      2      3      0          0.000000000000085 
     0      2      3      1          0.005019323191934 
     0      2      3      2          0.007819809158968 
     0      2      3      3         -0.000000000000061 
     0      2      3      4         -0.000000000000000 
     0      2      3      5         -0.000000000000079 
     0      2      3      6          0.006438776452003 
     0      2      3      7          0.000000000000186 
     0      2      4      0          0.000000000000000 
     0      2      4      1         -0.000000000000000 
     0      2      4      2         -0.000000000000000 
     0      2      4      3          0.000000000000000 
     0      2      4      4          0.000000000000003 
     0      2      4      5          0.000000000000000 
     0      2      4      6         -0.000000000000000 
     0      2      4      7          0.000000000000000 
     0      2      5      0          0.000000000000033 
     0      2      5      1          0.000512854665768 
     0      2      5      2         -0.009733605532155 
     0      2      5      3          0.000000000000170 
     0      2      5      4         -0.000000000000000 
     0      2      5      5          0.000000000000017 
     0      2      5      6          0.011797882454170 
     0      2      5      7          0.000000000000087 
     0      2      6      0         -0.014173612693198 
     0      2      6      1         -0.000000000000059 
     0      2      6      2         -0.000000000000085 
     0      2      6      3         -0.003636282749465 
     0      2      6      4         -0.000000000000000 
     0      2      6      5         -0.011468811434906 
     0      2      6      6          0.000000000000015 
     0      2      6      7         -0.042346809479048 
     0      2      7      0         -0.000000000000016 
     0      2      7      1          0.015849870003316 
     0      2      7      2          0.011090236547881 
     0      2      7      3         -0.000000000000173 
     0      2      7      4         -0.000000000000000 
     0      2      7      5         -0.000000000000078 
     0      2      7      6          0.033969144902077 
     0      2      7      7         -0.000000000000010 
     0      3      0      0          0.000603870958905 
     0      3      0      1          0.000000000000022 
     0      3      0      2         -0.000000000000001 
     0      3      0      3         -0.002323010423285 
     0      3      0      4          0.000000000000000 
     0      3      0      5          0.020245570213474 
     0      3      0      6          0.000000000000001 
     0      3      0      7          0.010872589375072 
     0      3      1      0         -0.000000000000009 
     0      3      1      1         -0.003847779425729 
     0      3      1      2         -0.007094792500726 
     0      3      1      3          0.000000000000093 
     0      3      1      4          0.000000000000000 
     0      3      1      5          0.000000000000038 
     0      3      1      6          0.001662806687678 
     0      3      1      7         -0.000000000000018 
     0      3      2      0          0.000000000000019 
     0      3      2      1          0.000057736347016 
     0      3      2      2         -0.002664657624669 
     0      3      2      3          0.000000000000014 
     0      3      2      4         -0.000000000000000 
     0      3      2      5          0.000000000000325 
     0      3      2      6          0.005809502741102 
     0      3      2      7          0.000000000000197 
     0      3      3      0          0.002836573572448 
     0      3      3      1          0.000000000000027 
     0      3      3      2          0.000000000000073 
     0      3      3      3         -0.000208302862568 
     0      3      3      4          0.000000000000000 
     0      3      3      5          0.022034522901572 
     0      3      3      6         -0.000000000000091 
     0      3      3      7          0.016449239945341 
     0      3      4      0         -0.000000000000000 
     0      3      4      1          0.000000000000000 
     0      3      4      2          0.000000000000000 
     0      3      4      3         -0.000000000000000 
     0      3      4      4         -0.008069633764821 
     0      3      4      5         -0.000000000000001 
     0      3      4      6         -0.000000000000000 
     0      3      4      7         -0.000000000000001 
     0      3      5      0         -0.015611821486757 
     0      3      5      1         -0.000000000000028 
     0      3      5      2         -0.000000000000217 
     0      3      5      3         -0.014820918356902 
     0      3      5      4          0.000000000000000 
     0      3      5      5         -0.008485619572141 
     0      3      5      6          0.000000000000035 
     0      3      5      7         -0.036977919823145 
     0      3      6      0          0.000000000000004 
     0      3      6      1         -0.012931359279281 
     0      3      6      2         -0.017646522170197 
     0      3      6      3          0.000000000000275 
     0      3      6      4          0.000000000000000 
     0      3      6      5         -0.000000000000010 
     0      3      6      6         -0.006880233910351 
     0      3      6      7         -0.000000000000050 
     0      3      7      0         -0.006374461572459 
     0      3      7      1          0.000000000000014 
     0      3      7      2         -0.000000000000138 
     0      3      7      3         -0.011875727200511 
     0      3      7      4          0.000000000000001 
     0      3      7      5          0.037227743526299 
     0      3      7      6          0.000000000000025 
     0      3      7      7          0.004426819744351 
     0      4      0      0          0.000000000000000 
     0      4      0      1          0.000000000000000 
     0      4      0      2          0.000000000000000 
     0      4      0      3          0.000000000000000 
     0      4      0      4          0.019118010395463 
     0      4      0      5         -0.000000000000000 
     0      4      0      6          0.000000000000000 
     0      4      0      7         -0.000000000000000 
     0      4      1      0         -0.000000000000000 
     0      4      1      1         -0.000000000000000 
     0      4      1      2         -0.000000000000000 
     0      4      1      3         -0.000000000000000 
     0      4      1      4          0.000000000000036 
     0      4      1      5         -0.000000000000000 
     0      4      1      6         -0.000000000000000 
     0      4      1      7         -0.000000000000000 
     0      4      2      0         -0.000000000000000 
     0      4      2      1         -0.000000000000000 
     0      4      2      2         -0.000000000000000 
     0      4      2      3         -0.000000000000000 
     0      4      2      4          0.000000000000336 
     0      4      2      5         -0.000000000000000 
     0      4      2      6         -0.000000000000000 
     0      4      2      7         -0.000000000000000 
     0      4      3      0         -0.000000000000001 
     0      4      3      1          0.000000000000000 
     0      4      3      2          0.000000000000000 
     0      4      3      3         -0.000000000000000 
     0      4      3      4          0.019947768137231 
     0      4      3      5         -0.000000000000001 
     0      4      3      6          0.000000000000000 
     0      4      3      7         -0.000000000000001 
     0      4      4      0         -0.024723665382195 
     0      4      4      1         -0.000000000000050 
     0      4      4      2         -0.000000000000466 
     0      4      4      3         -0.027903059417747 
     0      4      4      4          0.000000000000000 
     0      4      4      5         -0.019749488221447 
     0      4      4      6          0.000000000000036 
     0      4      4      7         -0.040795573332373 
     0      4      5      0          0.000000000000000 
     0      4      5      1          0.000000000000000 
     0      4      5      2          0.000000000000000 
     0      4      5      3          0.000000000000001 
     0      4      5      4          0.015229466463588 
     0      4      5      5          0.000000000000000 
     0      4      5      6          0.000000000000000 
     0      4      5      7          0.000000000000000 
     0      4      6      0         -0.000000000000000 
     0      4      6      1         -0.000000000000000 
     0      4      6      2         -0.000000000000000 
     0      4      6      3         -0.000000000000000 
     0      4      6      4         -0.000000000000032 
     0      4      6      5         -0.000000000000000 
     0      4      6      6         -0.000000000000000 
     0      4      6      7         -0.000000000000000 
     0      4      7      0          0.000000000000000 
     0      4      7      1          0.000000000000000 
     0      4      7      2          0.000000000000000 
     0      4      7      3          0.000000000000001 
     0      4      7      4          0.036840126476872 
     0      4      7      5         -0.000000000000000 
     0      4      7      6          0.000000000000000 
     0      4      7      7          0.000000000000000 
     1      0      0      0         -0.001979411053633 
     1      0      0      1          0.000000000000016 
     1      0      0      2         -0.000000000000051 
     1      0      0      3         -0.005783465276731 
     1      0      0      4          0.000000000000000 
     1      0      0      5          0.019398707633990 
     1      0      0      6          0.000000000000031 
     1      0      0      7          0.002054807281477 
     1      0      1      0          0.000000000000003 
     1      0      1      1         -0.007861393894400 
     1      0      1      2         -0.005580815761637 
     1      0      1      3          0.000000000000092 
     1      0      1      4          0.000000000000000 
     1      0      1      5          0.000000000000035 
     1      0      1      6         -0.023572778502747 
     1      0      1      7         -0.000000000000014 
     1      0      2      0         -0.000000000000000 
     1      0      2      1         -0.001990007687184 
     1      0      2      2         -0.001928051732795 
     1      0      2      3         -0.000000000000021 
     1      0      2      4         -0.000000000000000 
     1      0      2      5          0.000000000000243 
     1      0      2      6         -0.008048847200490 
     1      0      2      7          0.000000000000046 
     1      0      3      0          0.000084017297791 
     1      0      3      1          0.000000000000038 
     1      0      3      2         -0.000000000000001 
     1      0      3      3         -0.003814756454681 
     1      0      3      4         -0.000000000000000 
     1      0      3      5          0.016430718616912 
     1      0      3      6          0.000000000000132 
     1      0      3      7          0.003315629373692 
     1      0      4      0          0.000000000000000 
     1      0      4      1          0.000000000000000 
     1      0      4      2         -0.000000000000000 
     1      0      4      3         -0.000000000000000 
     1      0      4      4         -0.022200774726992 
     1      0      4      5         -0.000000000000000 
     1      0      4      6          0.000000000000000 
     1      0      4      7          0.000000000000000 
     1      0      5      0          0.000896991610379 
     1      0      5      1          0.000000000000001 
     1      0      5      2          0.000000000000072 
     1      0      5      3          0.006127086361015 
     1      0      5      4         -0.000000000000000 
     1      0      5      5         -0.016639207056328 
     1      0      5      6          0.000000000000021 
     1      0      5      7          0.002706854841908 
     1      0      6      0         -0.000000000000006 
     1      0      6      1         -0.003632337367391 
     1      0      6      2         -0.004531924996383 
     1      0      6      3          0.000000000000078 
     1      0      6      4          0.000000000000000 
     1      0      6      5         -0.000000000000001 
     1      0      6      6         -0.022687668357575 
     1      0      6      7         -0.000000000000030 
     1      0      7      0          0.003209271968958 
     1      0      7      1          0.000000000000007 
     1      0      7      2          0.000000000000030 
     1      0      7      3          0.000757543744255 
     1      0      7      4          0.000000000000000 
     1      0      7      5          0.012821247981266 
     1      0      7      6         -0.000000000000022 
     1      0      7      7          0.009670982683830 
     1      1      0      0          0.047096282616799 
     1      1      0      1          0.000000000000038 
     1      1      0      2          0.000000000000589 
     1      1      0      3          0.039188934797589 
     1      1      0      4         -0.000000000000001 
     1      1      0      5         -0.007457052565849 
     1      1      0      6         -0.000000000000075 
     1      1      0      7          0.041775564813137 
     1      1      1      0          0.000000000000039 
     1      1      1      1          0.027964232247246 
     1      1      1      2          0.015754399239160 
     1      1      1      3         -0.000000000000212 
     1      1      1      4         -0.000000000000000 
     1      1      1      5         -0.000000000000040 
     1      1      1      6          0.023429119261583 
     1      1      1      7          0.000000000000089 
     1      1      2      0          0.000000000000588 
     1      1      2      1          0.015754399239160 
     1      1      2      2          0.033954335328484 
     1      1      2      3          0.000000000000326 
     1      1      2      4         -0.000000000000000 
     1      1      2      5         -0.000000000000119 
     1      1      2      6          0.011384226943023 
     1      1      2      7          0.000000000000466 
     1      1      3      0          0.039188934797589 
     1      1      3      1         -0.000000000000212 
     1      1      3      2          0.000000000000326 
     1      1      3      3          0.055585161533746 
     1      1      3      4         -0.000000000000000 
     1      1      3      5         -0.005863630997238 
     1      1      3      6         -0.000000000000224 
     1      1      3      7          0.029852058601273 
     1      1      4      0         -0.000000000000001 
     1      1      4      1         -0.000000000000000 
     1      1      4      2         -0.000000000000000 
     1      1      4      3         -0.000000000000000 
     1      1      4      4          0.038120886876858 
     1      1      4      5          0.000000000000000 
     1      1      4      6         -0.000000000000000 
     1      1      4      7         -0.000000000000001 
     1      1      5      0         -0.007457052565849 
     1      1      5      1         -0.000000000000040 
     1      1      5      2         -0.000000000000119 
     1      1      5      3         -0.005863630997238 
     1      1      5      4          0.000000000000000 
     1      1      5      5          0.031660807184300 
     1      1      5      6         -0.000000000000034 
     1      1      5      7         -0.000378236513517 
     1      1      6      0         -0.000000000000076 
     1      1      6      1          0.023429119261583 
     1      1      6      2          0.011384226943023 
     1      1      6      3         -0.000000000000224 
     1      1      6      4         -0.000000000000000 
     1      1      6      5         -0.000000000000034 
     1      1      6      6          0.038246612254190 
     1      1      6      7         -0.000000000000060 
     1      1      7      0          0.041775564813138 
     1      1      7      1          0.000000000000089 
     1      1      7      2          0.000000000000465 
     1      1      7      3          0.029852058601273 
     1      1      7      4         -0.000000000000001 
     1      1      7      5         -0.000378236513517 
     1      1      7      6         -0.000000000000060 
     1      1      7      7          0.075611427631417 
     1      2      0      0         -0.000000000000007 
     1      2      0      1          0.067306052203941 
     1      2      0      2          0.008683137227115 
     1      2      0      3         -0.000000000000074 
     1      2      0      4         -0.000000000000001 
     1      2      0      5         -0.000000000000110 
     1      2      0      6          0.078073796679746 
     1      2      0      7          0.000000000000079 
     1      2      1      0         -0.013912040683658 
     1      2      1      1          0.000000000000106 
     1      2      1      2         -0.000000000000264 
     1      2      1      3         -0.019456755818042 
     1      2      1      4          0.000000000000000 
     1      2      1      5         -0.004121956888127 
     1      2      1      6          0.000000000000152 
     1      2      1      7         -0.020954108734136 
     1      2      2      0          0.015259459746086 
     1      2      2      1          0.000000000000887 
     1      2      2      2          0.000000000001319 
     1      2      2      3          0.041098334456749 
     1      2      2      4         -0.000000000000001 
     1      2      2      5          0.003472023687961 
     1      2      2      6          0.000000000001108 
     1      2      2      7         -0.014543437064380 
     1      2      3      0         -0.000000000000292 
     1      2      3      1          0.058275167716683 
     1      2      3      2          0.041460004323513 
     1      2      3      3         -0.000000000001294 
     1      2      3      4         -0.000000000000001 
     1      2      3      5         -0.000000000000227 
     1      2      3      6          0.068593887383751 
     1      2      3      7          0.000000000000290 
     1      2      4      0          0.000000000000000 
     1      2      4      1         -0.000000000000001 
     1      2      4      2         -0.000000000000001 
     1      2      4      3         -0.000000000000000 
     1      2      4      4         -0.000000000000003 
     1      2      4      5         -0.000000000000000 
     1      2      4      6         -0.000000000000001 
     1      2      4      7          0.000000000000000 
     1      2      5      0         -0.000000000000024 
     1      2      5      1          0.013577635042860 
     1      2      5      2          0.012503445280184 
     1      2      5      3         -0.000000000000263 
     1      2      5      4         -0.000000000000000 
     1      2      5      5         -0.000000000000064 
     1      2      5      6          0.020420636208704 
     1      2      5      7          0.000000000000080 
     1      2      6      0         -0.009746520359260 
     1      2      6      1         -0.000000000000140 
     1      2      6      2         -0.000000000000179 
     1      2      6      3         -0.010376147916946 
     1      2      6      4          0.000000000000000 
     1      2      6      5          0.002554472100272 
     1      2      6      6         -0.000000000000110 
     1      2      6      7         -0.019714084730211 
     1      2      7      0         -0.000000000000044 
     1      2      7      1          0.084472357302347 
     1      2      7      2          0.031378010138553 
     1      2      7      3         -0.000000000000477 
     1      2      7      4         -0.000000000000001 
     1      2      7      5         -0.000000000000218 
     1      2      7      6          0.117707763548404 
     1      2      7      7          0.000000000000091 
     1      3      0      0         -0.028064491803195 
     1      3      0      1          0.000000000000059 
     1      3      0      2         -0.000000000000321 
     1      3      0      3         -0.025819927761912 
     1      3      0      4          0.000000000000001 
     1      3      0      5          0.080720543061219 
     1      3      0      6          0.000000000000046 
     1      3      0      7          0.023126441398647 
     1      3      1      0         -0.000000000000098 
     1      3      1      1          0.007799933248611 
     1      3      1      2          0.023012435263359 
     1      3      1      3         -0.000000000000442 
     1      3      1      4         -0.000000000000000 
     1      3      1      5          0.000000000000102 
     1      3      1      6          0.005344105525334 
     1      3      1      7         -0.000000000000015 
     1      3      2      0         -0.000000000000416 
     1      3      2      1         -0.010326785863269 
     1      3      2      2         -0.014132858634773 
     1      3      2      3         -0.000000000000462 
     1      3      2      4          0.000000000000000 
     1      3      2      5          0.000000000000936 
     1      3      2      6         -0.004003891786264 
     1      3      2      7          0.000000000000225 
     1      3      3      0         -0.026000954039274 
     1      3      3      1          0.000000000000237 
     1      3      3      2         -0.000000000000312 
     1      3      3      3         -0.040378655999145 
     1      3      3      4          0.000000000000002 
     1      3      3      5          0.056287665584571 
     1      3      3      6          0.000000000000101 
     1      3      3      7          0.017410913051309 
     1      3      4      0          0.000000000000000 
     1      3      4      1          0.000000000000000 
     1      3      4      2          0.000000000000000 
     1      3      4      3          0.000000000000001 
     1      3      4      4          0.009101312599549 
     1      3      4      5         -0.000000000000001 
     1      3      4      6          0.000000000000000 
     1      3      4      7         -0.000000000000001 
     1      3      5      0         -0.032502205651724 
     1      3      5      1          0.000000000000005 
     1      3      5      2         -0.000000000000449 
     1      3      5      3         -0.034162241930288 
     1      3      5      4          0.000000000000001 
     1      3      5      5          0.028411878392608 
     1      3      5      6          0.000000000000064 
     1      3      5      7         -0.025600432569590 
     1      3      6      0          0.000000000000053 
     1      3      6      1         -0.000004890003663 
     1      3      6      2          0.002215873087149 
     1      3      6      3         -0.000000000000005 
     1      3      6      4         -0.000000000000000 
     1      3      6      5         -0.000000000000161 
     1      3      6      6          0.008853132569893 
     1      3      6      7         -0.000000000000018 
     1      3      7      0         -0.051349597497938 
     1      3      7      1          0.000000000000087 
     1      3      7      2         -0.000000000000510 
     1      3      7      3         -0.047346583744865 
     1      3      7      4          0.000000000000002 
     1      3      7      5          0.130963688832696 
     1      3      7      6          0.000000000000143 
     1      3      7      7         -0.003294158603296 
     1      4      0      0         -0.000000000000000 
     1      4      0      1          0.000000000000000 
     1      4      0      2          0.000000000000000 
     1      4      0      3          0.000000000000002 
     1      4      0      4          0.099905244952465 
     1      4      0      5         -0.000000000000001 
     1      4      0      6          0.000000000000000 
     1      4      0      7          0.000000000000000 
     1      4      1      0         -0.000000000000000 
     1      4      1      1          0.000000000000000 
     1      4      1      2          0.000000000000000 
     1      4      1      3         -0.000000000000000 
     1      4      1      4          0.000000000000180 
     1      4      1      5         -0.000000000000000 
     1      4      1      6          0.000000000000000 
     1      4      1      7         -0.000000000000000 
     1      4      2      0         -0.000000000000000 
     1      4      2      1         -0.000000000000000 
     1      4      2      2         -0.000000000000000 
     1      4      2      3          0.000000000000000 
     1      4      2      4          0.000000000001165 
     1      4      2      5          0.000000000000000 
     1      4      2      6         -0.000000000000000 
     1      4      2      7         -0.000000000000000 
     1      4      3      0         -0.000000000000001 
     1      4      3      1          0.000000000000000 
     1      4      3      2          0.000000000000000 
     1      4      3      3          0.000000000000001 
     1      4      3      4          0.073777446932107 
     1      4      3      5         -0.000000000000001 
     1      4      3      6          0.000000000000000 
     1      4      3      7         -0.000000000000001 
     1      4      4      0         -0.022818658035373 
     1      4      4      1         -0.000000000000042 
     1      4      4      2         -0.000000000000236 
     1      4      4      3         -0.016101675440594 
     1      4      4      4         -0.000000000000001 
     1      4      4      5          0.003490952609230 
     1      4      4      6          0.000000000000044 
     1      4      4      7         -0.027947179479223 
     1      4      5      0          0.000000000000000 
     1      4      5      1          0.000000000000000 
     1      4      5      2          0.000000000000000 
     1      4      5      3          0.000000000000001 
     1      4      5      4          0.023695295734817 
     1      4      5      5         -0.000000000000000 
     1      4      5      6          0.000000000000000 
     1      4      5      7          0.000000000000000 
     1      4      6      0         -0.000000000000000 
     1      4      6      1         -0.000000000000000 
     1      4      6      2          0.000000000000000 
     1      4      6      3         -0.000000000000000 
     1      4      6      4         -0.000000000000184 
     1      4      6      5          0.000000000000000 
     1      4      6      6          0.000000000000000 
     1      4      6      7         -0.000000000000000 
     1      4      7      0         -0.000000000000000 
     1      4      7      1          0.000000000000000 
     1      4      7      2          0.000000000000001 
     1      4      7      3          0.000000000000004 
     1      4      7      4          0.154739382960520 
     1      4      7      5         -0.000000000000002 
     1      4      7      6          0.000000000000001 
     1      4      7      7         -0.000000000000000 
     2      0      0      0         -0.000000000000001 
     2      0      0      1         -0.007067666495700 
     2      0      0      2         -0.005648998257250 
     2      0      0      3          0.000000000000085 
     2      0      0      4          0.000000000000000 
     2      0      0      5          0.000000000000033 
     2      0      0      6         -0.014173612693198 
     2      0      0      7         -0.000000000000016 
     2      0      1      0          0.006948166271428 
     2      0      1      1         -0.000000000000006 
     2      0      1      2          0.000000000000069 
     2      0      1      3          0.005019323191934 
     2      0      1      4         -0.000000000000000 
     2      0      1      5          0.000512854665768 
     2      0      1      6         -0.000000000000059 
     2      0      1      7          0.015849870003316 
     2      0      2      0          0.007582761063635 
     2      0      2      1         -0.000000000000034 
     2      0      2      2          0.000000000000051 
     2      0      2      3          0.007819809158968 
     2      0      2      4         -0.000000000000000 
     2      0      2      5         -0.009733605532155 
     2      0      2      6         -0.000000000000085 
     2      0      2      7          0.011090236547881 
     2      0      3      0         -0.000000000000117 
     2      0      3      1         -0.002419921853179 
     2      0      3      2         -0.003910278897782 
     2      0      3      3         -0.000000000000061 
     2      0      3      4          0.000000000000000 
     2      0      3      5          0.000000000000170 
     2      0      3      6         -0.003636282749465 
     2      0      3      7         -0.000000000000172 
     2      0      4      0         -0.000000000000000 
     2      0      4      1          0.000000000000000 
     2      0      4      2          0.000000000000000 
     2      0      4      3         -0.000000000000000 
     2      0      4      4          0.000000000000003 
     2      0      4      5         -0.000000000000000 
     2      0      4      6         -0.000000000000000 
     2      0      4      7         -0.000000000000000 
     2      0      5      0         -0.000000000000035 
     2      0      5      1         -0.002841832073918 
     2      0      5      2          0.003090251238024 
     2      0      5      3         -0.000000000000079 
     2      0      5      4          0.000000000000000 
     2      0      5      5          0.000000000000017 
     2      0      5      6         -0.011468811434906 
     2      0      5      7         -0.000000000000078 
     2      0      6      0          0.012193924931224 
     2      0      6      1          0.000000000000054 
     2      0      6      2          0.000000000000133 
     2      0      6      3          0.006438776452003 
     2      0      6      4         -0.000000000000000 
     2      0      6      5          0.011797882454170 
     2      0      6      6          0.000000000000015 
     2      0      6      7          0.033969144902077 
     2      0      7      0          0.000000000000014 
     2      0      7      1         -0.019393313527951 
     2      0      7      2         -0.011889032211389 
     2      0      7      3          0.000000000000186 
     2      0      7      4          0.000000000000000 
     2      0      7      5          0.000000000000087 
     2      0      7      6         -0.042346809479048 
     2      0      7      7         -0.000000000000010 
     2      1      0      0         -0.000000000000007 
     2      1      0      1         -0.013912040683658 
     2      1      0      2          0.015259459746086 
     2      1      0      3         -0.000000000000292 
     2      1      0      4          0.000000000000000 
     2      1      0      5         -0.000000000000024 
     2      1      0      6         -0.009746520359260 
     2      1      0      7         -0.000000000000044 
     2      1      1      0          0.067306052203942 
     2      1      1      1          0.000000000000106 
     2      1      1      2          0.000000000000888 
     2      1      1      3          0.058275167716683 
     2      1      1      4         -0.000000000000001 
     2      1      1      5          0.013577635042860 
     2      1      1      6         -0.000000000000140 
     2      1      1      7          0.084472357302346 
     2      1      2      0          0.008683137227115 
     2      1      2      1         -0.000000000000264 
     2      1      2      2          0.000000000001319 
     2      1      2      3          0.041460004323513 
     2      1      2      4         -0.000000000000001 
     2      1      2      5          0.012503445280184 
     2      1      2      6         -0.000000000000179 
     2      1      2      7          0.031378010138552 
     2      1      3      0         -0.000000000000074 
     2      1      3      1         -0.019456755818042 
     2      1      3      2          0.041098334456749 
     2      1      3      3         -0.000000000001294 
     2      1      3      4         -0.000000000000000 
     2      1      3      5         -0.000000000000263 
     2      1      3      6         -0.010376147916946 
     2      1      3      7         -0.000000000000478 
     2      1      4      0         -0.000000000000001 
     2      1      4      1          0.000000000000000 
     2      1      4      2         -0.000000000000001 
     2      1      4      3         -0.000000000000001 
     2      1      4      4         -0.000000000000003 
     2      1      4      5         -0.000000000000000 
     2      1      4      6          0.000000000000000 
     2      1      4      7         -0.000000000000001 
     2      1      5      0         -0.000000000000110 
     2      1      5      1         -0.004121956888127 
     2      1      5      2          0.003472023687961 
     2      1      5      3         -0.000000000000227 
     2      1      5      4         -0.000000000000000 
     2      1      5      5         -0.000000000000064 
     2      1      5      6          0.002554472100272 
     2      1      5      7         -0.000000000000218 
     2      1      6      0          0.078073796679746 
     2      1      6      1          0.000000000000152 
     2      1      6      2          0.000000000001108 
     2      1      6      3          0.068593887383751 
     2      1      6      4         -0.000000000000001 
     2      1      6      5          0.020420636208704 
     2      1      6      6         -0.000000000000110 
     2      1      6      7          0.117707763548403 
     2      1      7      0          0.000000000000079 
     2      1      7      1         -0.020954108734136 
     2      1      7      2         -0.014543437064380 
     2      1      7      3          0.000000000000290 
     2      1      7      4          0.000000000000000 
     2      1      7      5          0.000000000000080 
     2      1      7      6         -0.019714084730211 
     2      1      7      7          0.000000000000092 
     2      2      0      0          0.030657549530751 
     2      2      0      1         -0.000000000000031 
     2      2      0      2          0.000000000000520 
     2      2      0      3          0.033873906465130 
     2      2      0      4         -0.000000000000001 
     2      2      0      5          0.004991330477887 
     2      2      0      6         -0.000000000000027 
     2      2      0      7          0.005496697308199 
     2      2      1      0         -0.000000000000031 
     2      2      1      1          0.075133152027676 
     2      2      1      2          0.042656905499756 
     2      2      1      3         -0.000000000000660 
     2      2      1      4         -0.000000000000001 
     2      2      1      5         -0.000000000000173 
     2      2      1      6          0.064415148318196 
     2      2      1      7          0.000000000000073 
     2      2      2      0          0.000000000000520 
     2      2      2      1          0.042656905499756 
     2      2      2      2          0.083269960348183 
     2      2      2      3          0.000000000000063 
     2      2      2      4         -0.000000000000001 
     2      2      2      5         -0.000000000000011 
     2      2      2      6          0.030287314836108 
     2      2      2      7         -0.000000000000032 
     2      2      3      0          0.033873906465129 
     2      2      3      1         -0.000000000000660 
     2      2      3      2          0.000000000000063 
     2      2      3      3          0.084373907527953 
     2      2      3      4         -0.000000000000002 
     2      2      3      5          0.010940375702532 
     2      2      3      6         -0.000000000000441 
     2      2      3      7         -0.003910767164064 
     2      2      4      0         -0.000000000000001 
     2      2      4      1         -0.000000000000001 
     2      2      4      2         -0.000000000000001 
     2      2      4      3         -0.000000000000002 
     2      2      4      4          0.012795190013453 
     2      2      4      5         -0.000000000000000 
     2      2      4      6         -0.000000000000001 
     2      2      4      7          0.000000000000000 
     2      2      5      0          0.004991330477887 
     2      2      5      1         -0.000000000000173 
     2      2      5      2         -0.000000000000011 
     2      2      5      3          0.010940375702532 
     2      2      5      4         -0.000000000000000 
     2      2      5      5          0.014706618347081 
     2      2      5      6         -0.000000000000179 
     2      2      5      7          0.002285724158042 
     2      2      6      0         -0.000000000000028 
     2      2      6      1          0.064415148318197 
     2      2      6      2          0.030287314836108 
     2      2      6      3         -0.000000000000441 
     2      2      6      4         -0.000000000000001 
     2      2      6      5         -0.000000000000179 
     2      2      6      6          0.100782085711626 
     2      2      6      7          0.000000000000063 
     2      2      7      0          0.005496697308199 
     2      2      7      1          0.000000000000073 
     2      2      7      2         -0.000000000000033 
     2      2      7      3         -0.003910767164064 
     2      2      7      4          0.000000000000000 
     2      2      7      5          0.002285724158042 
     2      2      7      6          0.000000000000062 
     2      2      7      7          0.023954783966419 
     2      3      0      0          0.000000000000050 
     2      3      0      1          0.001891158700709 
     2      3      0      2         -0.016526447817097 
     2      3      0      3          0.000000000000255 
     2      3      0      4         -0.000000000000000 
     2      3      0      5         -0.000000000000050 
     2      3      0      6          0.026625074336344 
     2      3      0      7          0.000000000000019 
     2      3      1      0         -0.055521391948110 
     2      3      1      1          0.000000000000076 
     2      3      1      2         -0.000000000000413 
     2      3      1      3         -0.038576576878033 
     2      3      1      4          0.000000000000002 
     2      3      1      5          0.121880143514302 
     2      3      1      6          0.000000000000067 
     2      3      1      7          0.005282964671379 
     2      3      2      0         -0.025190487587921 
     2      3      2      1         -0.000000000000280 
     2      3      2      2         -0.000000000001440 
     2      3      2      3         -0.033435795217241 
     2      3      2      4          0.000000000000001 
     2      3      2      5          0.047828127565391 
     2      3      2      6          0.000000000000246 
     2      3      2      7         -0.008393458771487 
     2      3      3      0          0.000000000000429 
     2      3      3      1         -0.015226712786385 
     2      3      3      2         -0.058237313562342 
     2      3      3      3          0.000000000001432 
     2      3      3      4          0.000000000000000 
     2      3      3      5         -0.000000000000613 
     2      3      3      6          0.018884890224823 
     2      3      3      7          0.000000000000142 
     2      3      4      0          0.000000000000000 
     2      3      4      1         -0.000000000000000 
     2      3      4      2          0.000000000000001 
     2      3      4      3          0.000000000000001 
     2      3      4      4         -0.000000000000002 
     2      3      4      5         -0.000000000000001 
     2      3      4      6         -0.000000000000001 
     2      3      4      7         -0.000000000000000 
     2      3      5      0          0.000000000000161 
     2      3      5      1         -0.056595703786724 
     2      3      5      2         -0.032099512289034 
     2      3      5      3          0.000000000000638 
     2      3      5      4          0.000000000000001 
     2      3      5      5         -0.000000000000164 
     2      3      5      6         -0.058532533601968 
     2      3      5      7         -0.000000000000060 
     2      3      6      0         -0.055140324900454 
     2      3      6      1          0.000000000000050 
     2      3      6      2         -0.000000000000797 
     2      3      6      3         -0.064082614190027 
     2      3      6      4          0.000000000000003 
     2      3      6      5          0.155007406328951 
     2      3      6      6          0.000000000000072 
     2      3      6      7          0.017147716575806 
     2      3      7      0         -0.000000000000055 
     2      3      7      1          0.005823371075945 
     2      3      7      2          0.015638327228438 
     2      3      7      3         -0.000000000000303 
     2      3      7      4         -0.000000000000000 
     2      3      7      5          0.000000000000103 
     2      3      7      6          0.001444226655135 
     2      3      7      7          0.000000000000015 
     2      4      0      0          0.000000000000000 
     2      4      0      1          0.000000000000000 
     2      4      0      2          0.000000000000000 
     2      4      0      3          0.000000000000000 
     2      4      0      4         -0.000000000000051 
     2      4      0      5          0.000000000000000 
     2      4      0      6          0.000000000000000 
     2      4      0      7         -0.000000000000000 
     2      4      1      0         -0.000000000000000 
     2      4      1      1          0.000000000000000 
     2      4      1      2          0.000000000000001 
     2      4      1      3          0.000000000000003 
     2      4      1      4          0.135294387039158 
     2      4      1      5         -0.000000000000002 
     2      4      1      6          0.000000000000000 
     2      4      1      7         -0.000000000000000 
     2      4      2      0         -0.000000000000000 
     2      4      2      1         -0.000000000000000 
     2      4      2      2          0.000000000000000 
     2      4      2      3          0.000000000000001 
     2      4      2      4          0.048600038515147 
     2      4      2      5         -0.000000000000000 
     2      4      2      6         -0.000000000000000 
     2      4      2      7         -0.000000000000000 
     2      4      3      0          0.000000000000000 
     2      4      3      1         -0.000000000000001 
     2      4      3      2         -0.000000000000001 
     2      4      3      3          0.000000000000000 
     2      4      3      4         -0.000000000000716 
     2      4      3      5          0.000000000000000 
     2      4      3      6         -0.000000000000002 
     2      4      3      7         -0.000000000000000 
     2      4      4      0          0.000000000000022 
     2      4      4      1         -0.057327575420853 
     2      4      4      2         -0.022004672930710 
     2      4      4      3          0.000000000000322 
     2      4      4      4         -0.000000000000001 
     2      4      4      5          0.000000000000136 
     2      4      4      6         -0.068113153849096 
     2      4      4      7         -0.000000000000061 
     2      4      5      0          0.000000000000000 
     2      4      5      1          0.000000000000001 
     2      4      5      2          0.000000000000000 
     2      4      5      3          0.000000000000000 
     2      4      5      4         -0.000000000000338 
     2      4      5      5         -0.000000000000000 
     2      4      5      6          0.000000000000001 
     2      4      5      7         -0.000000000000000 
     2      4      6      0         -0.000000000000000 
     2      4      6      1          0.000000000000000 
     2      4      6      2          0.000000000000001 
     2      4      6      3          0.000000000000004 
     2      4      6      4          0.178596759933073 
     2      4      6      5         -0.000000000000002 
     2      4      6      6          0.000000000000001 
     2      4      6      7         -0.000000000000000 
     2      4      7      0         -0.000000000000000 
     2      4      7      1          0.000000000000000 
     2      4      7      2          0.000000000000000 
     2      4      7      3         -0.000000000000000 
     2      4      7      4          0.000000000000157 
     2      4      7      5         -0.000000000000000 
     2      4      7      6          0.000000000000000 
     2      4      7      7         -0.000000000000000 
     3      0      0      0          0.000603870958905 
     3      0      0      1         -0.000000000000009 
     3      0      0      2          0.000000000000019 
     3      0      0      3          0.002836573572448 
     3      0      0      4         -0.000000000000000 
     3      0      0      5         -0.015611821486757 
     3      0      0      6          0.000000000000004 
     3      0      0      7         -0.006374461572459 
     3      0      1      0          0.000000000000022 
     3      0      1      1         -0.003847779425729 
     3      0      1      2          0.000057736347016 
     3      0      1      3          0.000000000000027 
     3      0      1      4          0.000000000000000 
     3      0      1      5         -0.000000000000028 
     3      0      1      6         -0.012931359279281 
     3      0      1      7          0.000000000000014 
     3      0      2      0         -0.000000000000001 
     3      0      2      1         -0.007094792500726 
     3      0      2      2         -0.002664657624669 
     3      0      2      3          0.000000000000073 
     3      0      2      4          0.000000000000000 
     3      0      2      5         -0.000000000000217 
     3      0      2      6         -0.017646522170197 
     3      0      2      7         -0.000000000000138 
     3      0      3      0         -0.002323010423285 
     3      0      3      1          0.000000000000093 
     3      0      3      2          0.000000000000014 
     3      0      3      3         -0.000208302862568 
     3      0      3      4         -0.000000000000000 
     3      0      3      5         -0.014820918356902 
     3      0      3      6          0.000000000000275 
     3      0      3      7         -0.011875727200511 
     3      0      4      0          0.000000000000000 
     3      0      4      1          0.000000000000000 
     3      0      4      2         -0.000000000000000 
     3      0      4      3          0.000000000000000 
     3      0      4      4         -0.008069633764821 
     3      0      4      5          0.000000000000000 
     3      0      4      6          0.000000000000000 
     3      0      4      7          0.000000000000001 
     3      0      5      0          0.020245570213474 
     3      0      5      1          0.000000000000037 
     3      0      5      2          0.000000000000325 
     3      0      5      3          0.022034522901572 
     3      0      5      4         -0.000000000000001 
     3      0      5      5         -0.008485619572141 
     3      0      5      6         -0.000000000000010 
     3      0      5      7          0.037227743526300 
     3      0      6      0          0.000000000000001 
     3      0      6      1          0.001662806687678 
     3      0      6      2          0.005809502741102 
     3      0      6      3         -0.000000000000091 
     3      0      6      4         -0.000000000000000 
     3      0      6      5          0.000000000000035 
     3      0      6      6         -0.006880233910351 
     3      0      6      7          0.000000000000025 
     3      0      7      0          0.010872589375072 
     3      0      7      1         -0.000000000000018 
     3      0      7      2          0.000000000000197 
     3      0      7      3          0.016449239945341 
     3      0      7      4         -0.000000000000001 
     3      0      7      5         -0.036977919823145 
     3      0      7      6         -0.000000000000050 
     3      0      7      7          0.004426819744351 
     3      1      0      0         -0.028064491803195 
     3      1      0      1         -0.000000000000098 
     3      1      0      2         -0.000000000000416 
     3      1      0      3         -0.026000954039274 
     3      1      0      4          0.000000000000000 
     3      1      0      5         -0.032502205651724 
     3      1      0      6          0.000000000000053 
     3      1      0      7         -0.051349597497937 
     3      1      1      0          0.000000000000059 
     3      1      1      1          0.007799933248611 
     3      1      1      2         -0.010326785863269 
     3      1      1      3          0.000000000000238 
     3      1      1      4          0.000000000000000 
     3      1      1      5          0.000000000000005 
     3      1      1      6         -0.000004890003663 
     3      1      1      7          0.000000000000087 
     3      1      2      0         -0.000000000000321 
     3      1      2      1          0.023012435263359 
     3      1      2      2         -0.014132858634773 
     3      1      2      3         -0.000000000000312 
     3      1      2      4          0.000000000000000 
     3      1      2      5         -0.000000000000449 
     3      1      2      6          0.002215873087148 
     3      1      2      7         -0.000000000000510 
     3      1      3      0         -0.025819927761912 
     3      1      3      1         -0.000000000000442 
     3      1      3      2         -0.000000000000462 
     3      1      3      3         -0.040378655999146 
     3      1      3      4          0.000000000000001 
     3      1      3      5         -0.034162241930288 
     3      1      3      6         -0.000000000000005 
     3      1      3      7         -0.047346583744865 
     3      1      4      0          0.000000000000001 
     3      1      4      1         -0.000000000000000 
     3      1      4      2          0.000000000000000 
     3      1      4      3          0.000000000000002 
     3      1      4      4          0.009101312599549 
     3      1      4      5          0.000000000000001 
     3      1      4      6         -0.000000000000000 
     3      1      4      7          0.000000000000002 
     3      1      5      0          0.080720543061218 
     3      1      5      1          0.000000000000102 
     3      1      5      2          0.000000000000936 
     3      1      5      3          0.056287665584571 
     3      1      5      4         -0.000000000000001 
     3      1      5      5          0.028411878392608 
     3      1      5      6         -0.000000000000161 
     3      1      5      7          0.130963688832697 
     3      1      6      0          0.000000000000047 
     3      1      6      1          0.005344105525334 
     3      1      6      2         -0.004003891786264 
     3      1      6      3          0.000000000000101 
     3      1      6      4          0.000000000000000 
     3      1      6      5          0.000000000000064 
     3      1      6      6          0.008853132569893 
     3      1      6      7          0.000000000000142 
     3      1      7      0          0.023126441398647 
     3      1      7      1         -0.000000000000016 
     3      1      7      2          0.000000000000225 
     3      1      7      3          0.017410913051308 
     3      1      7      4         -0.000000000000001 
     3      1      7      5         -0.025600432569590 
     3      1      7      6         -0.000000000000017 
     3      1      7      7         -0.003294158603296 
     3      2      0      0          0.000000000000050 
     3      2      0      1         -0.055521391948110 
     3      2      0      2         -0.025190487587921 
     3      2      0      3          0.000000000000429 
     3      2      0      4          0.000000000000000 
     3      2      0      5          0.000000000000161 
     3      2      0      6         -0.055140324900454 
     3      2      0      7         -0.000000000000055 
     3      2      1      0          0.001891158700709 
     3      2      1      1          0.000000000000076 
     3      2      1      2         -0.000000000000280 
     3      2      1      3         -0.015226712786385 
     3      2      1      4         -0.000000000000000 
     3      2      1      5         -0.056595703786723 
     3      2      1      6          0.000000000000050 
     3      2      1      7          0.005823371075945 
     3      2      2      0         -0.016526447817097 
     3      2      2      1         -0.000000000000413 
     3      2      2      2         -0.000000000001440 
     3      2      2      3         -0.058237313562342 
     3      2      2      4          0.000000000000001 
     3      2      2      5         -0.032099512289034 
     3      2      2      6         -0.000000000000796 
     3      2      2      7          0.015638327228438 
     3      2      3      0          0.000000000000255 
     3      2      3      1         -0.038576576878033 
     3      2      3      2         -0.033435795217241 
     3      2      3      3          0.000000000001432 
     3      2      3      4          0.000000000000001 
     3      2      3      5          0.000000000000638 
     3      2      3      6         -0.064082614190027 
     3      2      3      7         -0.000000000000303 
     3      2      4      0         -0.000000000000000 
     3      2      4      1          0.000000000000002 
     3      2      4      2          0.000000000000001 
     3      2      4      3          0.000000000000000 
     3      2      4      4         -0.000000000000002 
     3      2      4      5          0.000000000000001 
     3      2      4      6          0.000000000000003 
     3      2      4      7         -0.000000000000000 
     3      2      5      0         -0.000000000000050 
     3      2      5      1          0.121880143514302 
     3      2      5      2          0.047828127565391 
     3      2      5      3         -0.000000000000613 
     3      2      5      4         -0.000000000000001 
     3      2      5      5         -0.000000000000164 
     3      2      5      6          0.155007406328952 
     3      2      5      7          0.000000000000103 
     3      2      6      0          0.026625074336344 
     3      2      6      1          0.000000000000067 
     3      2      6      2          0.000000000000246 
     3      2      6      3          0.018884890224823 
     3      2      6      4         -0.000000000000001 
     3      2      6      5         -0.058532533601968 
     3      2      6      6          0.000000000000072 
     3      2      6      7          0.001444226655135 
     3      2      7      0          0.000000000000019 
     3      2      7      1          0.005282964671379 
     3      2      7      2         -0.008393458771487 
     3      2      7      3          0.000000000000142 
     3      2      7      4         -0.000000000000000 
     3      2      7      5         -0.000000000000060 
     3      2      7      6          0.017147716575806 
     3      2      7      7          0.000000000000015 
     3      3      0      0          0.030388193106937 
     3      3      0      1         -0.000000000000063 
     3      3      0      2          0.000000000000307 
     3      3      0      3          0.024699348381330 
     3      3      0      4         -0.000000000000001 
     3      3      0      5         -0.032139871547230 
     3      3      0      6         -0.000000000000035 
     3      3      0      7          0.004161813350542 
     3      3      1      0         -0.000000000000063 
     3      3      1      1          0.024301209518537 
     3      3      1      2          0.026552598350908 
     3      3      1      3         -0.000000000000447 
     3      3      1      4         -0.000000000000000 
     3      3      1      5          0.000000000000033 
     3      3      1      6          0.006947679389957 
     3      3      1      7          0.000000000000037 
     3      3      2      0          0.000000000000307 
     3      3      2      1          0.026552598350908 
     3      3      2      2          0.046265296650410 
     3      3      2      3         -0.000000000000153 
     3      3      2      4         -0.000000000000000 
     3      3      2      5         -0.000000000000442 
     3      3      2      6          0.005110218728818 
     3      3      2      7          0.000000000000003 
     3      3      3      0          0.024699348381330 
     3      3      3      1         -0.000000000000447 
     3      3      3      2         -0.000000000000153 
     3      3      3      3          0.040029624041181 
     3      3      3      4         -0.000000000000001 
     3      3      3      5         -0.036598916736425 
     3      3      3      6         -0.000000000000114 
     3      3      3      7         -0.002538034592200 
     3      3      4      0         -0.000000000000001 
     3      3      4      1         -0.000000000000000 
     3      3      4      2         -0.000000000000000 
     3      3      4      3         -0.000000000000001 
     3      3      4      4          0.018394952512257 
     3      3      4      5          0.000000000000002 
     3      3      4      6         -0.000000000000000 
     3      3      4      7          0.000000000000000 
     3      3      5      0         -0.032139871547231 
     3      3      5      1          0.000000000000034 
     3      3      5      2         -0.000000000000442 
     3      3      5      3         -0.036598916736426 
     3      3      5      4          0.000000000000002 
     3      3      5      5          0.136812391275786 
     3      3      5      6          0.000000000000078 
     3      3      5      7          0.021519425584781 
     3      3      6      0         -0.000000000000036 
     3      3      6      1          0.006947679389957 
     3      3      6      2          0.005110218728818 
     3      3      6      3         -0.000000000000114 
     3      3      6      4         -0.000000000000000 
     3      3      6      5          0.000000000000078 
     3      3      6      6          0.017939739217022 
     3      3      6      7          0.000000000000007 
     3      3      7      0          0.004161813350542 
     3      3      7      1          0.000000000000037 
     3      3      7      2          0.000000000000003 
     3      3      7      3         -0.002538034592200 
     3      3      7      4          0.000000000000000 
     3      3      7      5          0.021519425584780 
     3      3      7      6          0.000000000000007 
     3      3      7      7          0.027880137262511 
     3      4      0      0          0.000000000000000 
     3      4      0      1         -0.000000000000000 
     3      4      0      2         -0.000000000000000 
     3      4      0      3         -0.000000000000002 
     3      4      0      4         -0.072041529892607 
     3      4      0      5          0.000000000000001 
     3      4      0      6         -0.000000000000000 
     3      4      0      7          0.000000000000000 
     3      4      1      0         -0.000000000000000 
     3      4      1      1          0.000000000000000 
     3      4      1      2         -0.000000000000000 
     3      4      1      3         -0.000000000000000 
     3      4      1      4          0.000000000000149 
     3      4      1      5         -0.000000000000000 
     3      4      1      6          0.000000000000000 
     3      4      1      7          0.000000000000000 
     3      4      2      0          0.000000000000000 
     3      4      2      1          0.000000000000000 
     3      4      2      2          0.000000000000000 
     3      4      2      3         -0.000000000000000 
     3      4      2      4         -0.000000000000826 
     3      4      2      5         -0.000000000000000 
     3      4      2      6          0.000000000000000 
     3      4      2      7          0.000000000000000 
     3      4      3      0          0.000000000000001 
     3      4      3      1         -0.000000000000000 
     3      4      3      2         -0.000000000000000 
     3      4      3      3         -0.000000000000001 
     3      4      3      4         -0.074466391272106 
     3      4      3      5         -0.000000000000001 
     3      4      3      6         -0.000000000000000 
     3      4      3      7          0.000000000000000 
     3      4      4      0          0.037307354985467 
     3      4      4      1         -0.000000000000051 
     3      4      4      2          0.000000000000466 
     3      4      4      3          0.037554490506534 
     3      4      4      4          0.000000000000002 
     3      4      4      5         -0.074283660746791 
     3      4      4      6         -0.000000000000071 
     3      4      4      7         -0.002670054255726 
     3      4      5      0         -0.000000000000001 
     3      4      5      1          0.000000000000000 
     3      4      5      2          0.000000000000001 
     3      4      5      3          0.000000000000004 
     3      4      5      4          0.204648481065368 
     3      4      5      5         -0.000000000000002 
     3      4      5      6          0.000000000000001 
     3      4      5      7         -0.000000000000000 
     3      4      6      0          0.000000000000000 
     3      4      6      1         -0.000000000000000 
     3      4      6      2         -0.000000000000000 
     3      4      6      3          0.000000000000000 
     3      4      6      4          0.000000000000176 
     3      4      6      5         -0.000000000000000 
     3      4      6      6         -0.000000000000000 
     3      4      6      7         -0.000000000000000 
     3      4      7      0         -0.000000000000000 
     3      4      7      1          0.000000000000000 
     3      4      7      2          0.000000000000000 
     3      4      7      3          0.000000000000000 
     3      4      7      4          0.021819850336758 
     3      4      7      5         -0.000000000000000 
     3      4      7      6          0.000000000000000 
     3      4      7      7         -0.000000000000000 
     4      0      0      0          0.000000000000000 
     4      0      0      1         -0.000000000000000 
     4      0      0      2         -0.000000000000000 
     4      0      0      3         -0.000000000000001 
     4      0      0      4         -0.024723665382195 
     4      0      0      5          0.000000000000000 
     4      0      0      6         -0.000000000000000 
     4      0      0      7          0.000000000000000 
     4      0      1      0          0.000000000000000 
     4      0      1      1         -0.000000000000000 
     4      0      1      2         -0.000000000000000 
     4      0      1      3          0.000000000000000 
     4      0      1      4         -0.000000000000050 
     4      0      1      5          0.000000000000000 
     4      0      1      6         -0.000000000000000 
     4      0      1      7          0.000000000000000 
     4      0      2      0          0.000000000000000 
     4      0      2      1         -0.000000000000000 
     4      0      2      2         -0.000000000000000 
     4      0      2      3          0.000000000000000 
     4      0      2      4         -0.000000000000466 
     4      0      2      5          0.000000000000000 
     4      0      2      6         -0.000000000000000 
     4      0      2      7          0.000000000000000 
     4      0      3      0          0.000000000000000 
     4      0      3      1         -0.000000000000000 
     4      0      3      2         -0.000000000000000 
     4      0      3      3         -0.000000000000000 
     4      0      3      4         -0.027903059417747 
     4      0      3      5          0.000000000000001 
     4      0      3      6         -0.000000000000000 
     4      0      3      7          0.000000000000001 
     4      0      4      0          0.019118010395464 
     4      0      4      1          0.000000000000036 
     4      0      4      2          0.000000000000336 
     4      0      4      3          0.019947768137231 
     4      0      4      4          0.000000000000000 
     4      0      4      5          0.015229466463588 
     4      0      4      6         -0.000000000000032 
     4      0      4      7          0.036840126476872 
     4      0      5      0         -0.000000000000000 
     4      0      5      1         -0.000000000000000 
     4      0      5      2         -0.000000000000000 
     4      0      5      3         -0.000000000000001 
     4      0      5      4         -0.019749488221447 
     4      0      5      5          0.000000000000000 
     4      0      5      6         -0.000000000000000 
     4      0      5      7         -0.000000000000000 
     4      0      6      0          0.000000000000000 
     4      0      6      1         -0.000000000000000 
     4      0      6      2         -0.000000000000000 
     4      0      6      3          0.000000000000000 
     4      0      6      4          0.000000000000036 
     4      0      6      5          0.000000000000000 
     4      0      6      6         -0.000000000000000 
     4      0      6      7          0.000000000000000 
     4      0      7      0         -0.000000000000000 
     4      0      7      1         -0.000000000000000 
     4      0      7      2         -0.000000000000000 
     4      0      7      3         -0.000000000000001 
     4      0      7      4         -0.040795573332373 
     4      0      7      5          0.000000000000000 
     4      0      7      6         -0.000000000000000 
     4      0      7      7          0.000000000000000 
     4      1      0      0         -0.000000000000000 
     4      1      0      1         -0.000000000000000 
     4      1      0      2         -0.000000000000000 
     4      1      0      3         -0.000000000000001 
     4      1      0      4         -0.022818658035373 
     4      1      0      5          0.000000000000000 
     4      1      0      6         -0.000000000000000 
     4      1      0      7         -0.000000000000000 
     4      1      1      0          0.000000000000000 
     4      1      1      1          0.000000000000000 
     4      1      1      2         -0.000000000000000 
     4      1      1      3          0.000000000000000 
     4      1      1      4         -0.000000000000042 
     4      1      1      5          0.000000000000000 
     4      1      1      6         -0.000000000000000 
     4      1      1      7          0.000000000000000 
     4      1      2      0          0.000000000000000 
     4      1      2      1          0.000000000000000 
     4      1      2      2         -0.000000000000000 
     4      1      2      3          0.000000000000000 
     4      1      2      4         -0.000000000000236 
     4      1      2      5          0.000000000000000 
     4      1      2      6          0.000000000000000 
     4      1      2      7          0.000000000000001 
     4      1      3      0          0.000000000000002 
     4      1      3      1         -0.000000000000000 
     4      1      3      2          0.000000000000000 
     4      1      3      3          0.000000000000001 
     4      1      3      4         -0.016101675440594 
     4      1      3      5          0.000000000000001 
     4      1      3      6         -0.000000000000000 
     4      1      3      7          0.000000000000004 
     4      1      4      0          0.099905244952465 
     4      1      4      1          0.000000000000180 
     4      1      4      2          0.000000000001165 
     4      1      4      3          0.073777446932107 
     4      1      4      4         -0.000000000000001 
     4      1      4      5          0.023695295734817 
     4      1      4      6         -0.000000000000184 
     4      1      4      7          0.154739382960519 
     4      1      5      0         -0.000000000000001 
     4      1      5      1         -0.000000000000000 
     4      1      5      2          0.000000000000000 
     4      1      5      3         -0.000000000000001 
     4      1      5      4          0.003490952609230 
     4      1      5      5         -0.000000000000000 
     4      1      5      6          0.000000000000000 
     4      1      5      7         -0.000000000000002 
     4      1      6      0          0.000000000000000 
     4      1      6      1          0.000000000000000 
     4      1      6      2         -0.000000000000000 
     4      1      6      3          0.000000000000000 
     4      1      6      4          0.000000000000044 
     4      1      6      5          0.000000000000000 
     4      1      6      6          0.000000000000000 
     4      1      6      7          0.000000000000001 
     4      1      7      0          0.000000000000000 
     4      1      7      1         -0.000000000000000 
     4      1      7      2         -0.000000000000000 
     4      1      7      3         -0.000000000000001 
     4      1      7      4         -0.027947179479223 
     4      1      7      5          0.000000000000000 
     4      1      7      6         -0.000000000000000 
     4      1      7      7         -0.000000000000000 
     4      2      0      0          0.000000000000000 
     4      2      0      1         -0.000000000000000 
     4      2      0      2         -0.000000000000000 
     4      2      0      3          0.000000000000000 
     4      2      0      4          0.000000000000022 
     4      2      0      5          0.000000000000000 
     4      2      0      6         -0.000000000000000 
     4      2      0      7         -0.000000000000000 
     4      2      1      0          0.000000000000000 
     4      2      1      1          0.000000000000000 
     4      2      1      2         -0.000000000000000 
     4      2      1      3         -0.000000000000001 
     4      2      1      4         -0.057327575420853 
     4      2      1      5          0.000000000000001 
     4      2      1      6          0.000000000000000 
     4      2      1      7          0.000000000000000 
     4      2      2      0          0.000000000000000 
     4      2      2      1          0.000000000000001 
     4      2      2      2          0.000000000000000 
     4      2      2      3         -0.000000000000001 
     4      2      2      4         -0.022004672930710 
     4      2      2      5          0.000000000000000 
     4      2      2      6          0.000000000000001 
     4      2      2      7          0.000000000000000 
     4      2      3      0          0.000000000000000 
     4      2      3      1          0.000000000000003 
     4      2      3      2          0.000000000000001 
     4      2      3      3          0.000000000000000 
     4      2      3      4          0.000000000000323 
     4      2      3      5          0.000000000000000 
     4      2      3      6          0.000000000000004 
     4      2      3      7         -0.000000000000000 
     4      2      4      0         -0.000000000000050 
     4      2      4      1          0.135294387039158 
     4      2      4      2          0.048600038515147 
     4      2      4      3         -0.000000000000716 
     4      2      4      4         -0.000000000000001 
     4      2      4      5         -0.000000000000338 
     4      2      4      6          0.178596759933073 
     4      2      4      7          0.000000000000157 
     4      2      5      0          0.000000000000000 
     4      2      5      1         -0.000000000000002 
     4      2      5      2         -0.000000000000000 
     4      2      5      3          0.000000000000000 
     4      2      5      4          0.000000000000136 
     4      2      5      5         -0.000000000000000 
     4      2      5      6         -0.000000000000002 
     4      2      5      7         -0.000000000000000 
     4      2      6      0          0.000000000000000 
     4      2      6      1          0.000000000000000 
     4      2      6      2         -0.000000000000000 
     4      2      6      3         -0.000000000000002 
     4      2      6      4         -0.068113153849096 
     4      2      6      5          0.000000000000001 
     4      2      6      6          0.000000000000001 
     4      2      6      7          0.000000000000000 
     4      2      7      0         -0.000000000000000 
     4      2      7      1         -0.000000000000000 
     4      2      7      2         -0.000000000000000 
     4      2      7      3         -0.000000000000000 
     4      2      7      4         -0.000000000000061 
     4      2      7      5         -0.000000000000000 
     4      2      7      6         -0.000000000000000 
     4      2      7      7         -0.000000000000000 
     4      3      0      0          0.000000000000000 
     4      3      0      1         -0.000000000000000 
     4      3      0      2          0.000000000000000 
     4      3      0      3          0.000000000000001 
     4      3      0      4          0.037307354985467 
     4      3      0      5         -0.000000000000001 
     4      3      0      6          0.000000000000000 
     4      3      0      7         -0.000000000000000 
     4      3      1      0         -0.000000000000000 
     4      3      1      1          0.000000000000000 
     4      3      1      2          0.000000000000000 
     4      3      1      3         -0.000000000000000 
     4      3      1      4         -0.000000000000051 
     4      3      1      5          0.000000000000000 
     4      3      1      6         -0.000000000000000 
     4      3      1      7          0.000000000000000 
     4      3      2      0         -0.000000000000000 
     4      3      2      1         -0.000000000000000 
     4      3      2      2          0.000000000000000 
     4      3      2      3         -0.000000000000000 
     4      3      2      4          0.000000000000466 
     4      3      2      5          0.000000000000001 
     4      3      2      6         -0.000000000000000 
     4      3      2      7          0.000000000000000 
     4      3      3      0         -0.000000000000002 
     4      3      3      1         -0.000000000000000 
     4      3      3      2         -0.000000000000000 
     4      3      3      3         -0.000000000000001 
     4      3      3      4          0.037554490506534 
     4      3      3      5          0.000000000000004 
     4      3      3      6          0.000000000000000 
     4      3      3      7          0.000000000000000 
     4      3      4      0         -0.072041529892607 
     4      3      4      1          0.000000000000149 
     4      3      4      2         -0.000000000000826 
     4      3      4      3         -0.074466391272106 
     4      3      4      4          0.000000000000002 
     4      3      4      5          0.204648481065368 
     4      3      4      6          0.000000000000176 
     4      3      4      7          0.021819850336758 
     4      3      5      0          0.000000000000001 
     4      3      5      1         -0.000000000000000 
     4      3      5      2         -0.000000000000000 
     4      3      5      3         -0.000000000000001 
     4      3      5      4         -0.074283660746791 
     4      3      5      5         -0.000000000000002 
     4      3      5      6         -0.000000000000000 
     4      3      5      7         -0.000000000000000 
     4      3      6      0         -0.000000000000000 
     4      3      6      1          0.000000000000000 
     4      3      6      2          0.000000000000000 
     4      3      6      3         -0.000000000000000 
     4      3      6      4         -0.000000000000071 
     4      3      6      5          0.000000000000001 
     4      3      6      6         -0.000000000000000 
     4      3      6      7          0.000000000000000 
     4      3      7      0          0.000000000000000 
     4      3      7      1          0.000000000000000 
     4      3      7      2          0.000000000000000 
     4      3      7      3          0.000000000000000 
     4      3      7      4         -0.002670054255726 
     4      3      7      5         -0.000000000000000 
     4      3      7      6         -0.000000000000000 
     4      3      7      7         -0.000000000000000 
     4      4      0      0          0.013551121272577 
     4      4      0      1          0.000000000000010 
     4      4      0      2          0.000000000000195 
     4      4      0      3          0.012576154705035 
     4      4      0      4         -0.000000000000000 
     4      4      0      5          0.002067691025333 
     4      4      0      6         -0.000000000000016 
     4      4      0      7          0.010760167072131 
     4      4      1      0          0.000000000000010 
     4      4      1      1          0.008818714739383 
     4      4      1      2          0.006213173347348 
     4      4      1      3         -0.000000000000081 
     4      4      1      4          0.000000000000000 
     4      4      1      5         -0.000000000000004 
     4      4      1      6          0.007248827754966 
     4      4      1      7          0.000000000000025 
     4      4      2      0          0.000000000000195 
     4      4      2      1          0.006213173347348 
     4      4      2      2          0.007809173792038 
     4      4      2      3          0.000000000000206 
     4      4      2      4          0.000000000000001 
     4      4      2      5          0.000000000000035 
     4      4      2      6          0.001248745977790 
     4      4      2      7         -0.000000000000012 
     4      4      3      0          0.012576154705035 
     4      4      3      1         -0.000000000000081 
     4      4      3      2          0.000000000000206 
     4      4      3      3          0.020756342479155 
     4      4      3      4          0.000000000000003 
     4      4      3      5          0.001136710860418 
     4      4      3      6         -0.000000000000023 
     4      4      3      7         -0.001225616653797 
     4      4      4      0         -0.000000000000000 
     4      4      4      1          0.000000000000000 
     4      4      4      2          0.000000000000001 
     4      4      4      3          0.000000000000003 
     4      4      4      4          0.159033837338244 
     4      4      4      5         -0.000000000000002 
     4      4      4      6          0.000000000000001 
     4      4      4      7         -0.000000000000000 
     4      4      5      0          0.002067691025333 
     4      4      5      1         -0.000000000000004 
     4      4      5      2          0.000000000000035 
     4      4      5      3          0.001136710860418 
     4      4      5      4         -0.000000000000002 
     4      4      5      5          0.019648270223186 
     4      4      5      6         -0.000000000000010 
     4      4      5      7          0.005653534581120 
     4      4      6      0         -0.000000000000016 
     4      4      6      1          0.007248827754966 
     4      4      6      2          0.001248745977790 
     4      4      6      3         -0.000000000000023 
     4      4      6      4          0.000000000000001 
     4      4      6      5         -0.000000000000010 
     4      4      6      6          0.017018438483793 
     4      4      6      7         -0.000000000000026 
     4      4      7      0          0.010760167072131 
     4      4      7      1          0.000000000000025 
     4      4      7      2         -0.000000000000012 
     4      4      7      3         -0.001225616653797 
     4      4      7      4         -0.000000000000000 
     4      4      7      5          0.005653534581120 
     4      4      7      6         -0.000000000000026 
     4      4      7      7          0.044512523411791 
