    29     29 
         0.201266085275237 
         0.000000000000051 
        -0.000000000000766 
        -0.000000000000137 
        -0.000000000000183 
        -0.000000000000157 
         0.000000000000191 
         0.000000000000131 
        -0.000000000000293 
         0.000000000000254 
        -0.010537306338998 
         0.000000000000011 
         0.000000000000039 
        -0.004357473228671 
         0.000000000000016 
        -0.000000000000040 
        -0.000000000000014 
        -0.000000000000085 
         0.000000000000266 
        -0.000000000000086 
        -0.000000000000032 
         0.000000000000019 
        -0.000000000000121 
        -0.000000000000102 
         0.000000000000029 
        -0.003473489586089 
        -0.000000000000156 
        -0.000000000000078 
         0.000000000000744 
         0.000000000000051 
         0.284178511045701 
        -0.000000000000011 
        -0.000000000000004 
        -0.000582551281917 
        -0.000372377569668 
        -0.001372485937868 
         0.011836537070478 
         0.004330830618167 
        -0.003094530495373 
        -0.000000000000391 
        -0.000000000000010 
        -0.000000000000019 
        -0.000000000000347 
         0.000000000000061 
         0.000000000000044 
         0.000000000000048 
        -0.000541132524340 
        -0.000412384521265 
        -0.000291747351758 
         0.000387066842755 
         0.000358773743626 
        -0.000185632689809 
         0.000000000000077 
        -0.000000000000002 
        -0.000000000000633 
         0.002713899872575 
         0.002187884790354 
         0.000043107558905 
        -0.000000000000773 
        -0.000000000000005 
         0.284178511045701 
         0.000000000000009 
         0.001364507321437 
        -0.000564195178039 
        -0.000426089509144 
         0.004812891406013 
        -0.011930649188059 
         0.001712164980833 
        -0.000000000000477 
         0.000000000000006 
        -0.000000000000006 
        -0.000000000001161 
        -0.000000000000018 
         0.000000000000067 
        -0.000000000000052 
         0.000505134507363 
        -0.000445196464897 
        -0.000307638027650 
         0.000384330570851 
        -0.000406232529907 
         0.000016247434963 
         0.000000000000023 
        -0.000000000000034 
         0.000000000000595 
        -0.001742853355390 
         0.002202563874777 
        -0.002065217952206 
        -0.000000000000144 
        -0.000000000000007 
         0.000000000000011 
         0.284178511045745 
        -0.000400627599209 
        -0.001380133126102 
         0.000544498650470 
         0.002273387152176 
         0.002709121400801 
         0.012487121156361 
        -0.000000000000301 
        -0.000000000000020 
        -0.000000000000000 
        -0.000000000000039 
        -0.000000000000012 
         0.000000000000067 
        -0.000000000000080 
         0.000004079217996 
         0.000423958763799 
        -0.000606831315628 
         0.000124370844045 
         0.000138763711905 
         0.000527518113583 
        -0.000000000000045 
        -0.000000000000004 
         0.000000000000036 
        -0.001323314135251 
         0.001586134657608 
         0.002808374472774 
        -0.000000000000178 
        -0.000408646093088 
         0.000957169957561 
        -0.000281030886500 
         0.599784720838374 
        -0.000000000000006 
        -0.000000000000005 
        -0.000146874870857 
        -0.002357656537708 
        -0.000102390243737 
        -0.000000000000064 
         0.000000000000003 
         0.000000000000007 
        -0.000000000000516 
         0.000000000000010 
         0.000000000000050 
         0.000000000000009 
        -0.005154876400473 
         0.002760719979471 
         0.000034455392584 
         0.000488146249928 
        -0.001604697405653 
        -0.000158779841610 
         0.000000000000000 
         0.000000000000014 
         0.000000000000129 
         0.000296309023493 
        -0.000094658249494 
         0.000342908713952 
        -0.000000000000159 
        -0.000261214151756 
        -0.000395769715631 
        -0.000968131093897 
        -0.000000000000006 
         0.599784720838366 
        -0.000000000000001 
        -0.001216381865289 
         0.000163544706435 
        -0.002020957353909 
        -0.000000000000220 
         0.000000000000017 
         0.000000000000009 
        -0.000000000000168 
         0.000000000000014 
        -0.000000000000026 
         0.000000000000043 
         0.000458084434832 
         0.000927177464950 
        -0.005755520244383 
        -0.001043706294536 
        -0.000187956320966 
        -0.001309160477184 
        -0.000000000000005 
        -0.000000000000007 
        -0.000000000000104 
        -0.000155463434310 
         0.000366952622294 
         0.000235632132004 
         0.000000000000188 
        -0.000962766770361 
        -0.000298891820451 
         0.000381953062476 
        -0.000000000000008 
        -0.000000000000002 
         0.599784720838367 
        -0.002022237194051 
         0.000072863700634 
         0.001223048629825 
         0.000000000000146 
        -0.000000000000008 
         0.000000000000013 
         0.000000000000472 
        -0.000000000000021 
        -0.000000000000017 
        -0.000000000000022 
        -0.002722667924948 
        -0.005070924948001 
        -0.001033591905359 
        -0.001229203796001 
        -0.000477671666498 
         0.001048541544253 
        -0.000000000000042 
         0.000000000000035 
        -0.000000000000066 
         0.000319965140094 
         0.000265953373409 
        -0.000203068264843 
         0.000000000000162 
         0.009058773736376 
         0.003683416357760 
         0.001739875413261 
        -0.000147521853398 
        -0.001221740016874 
        -0.002031145131388 
         0.906553255327828 
        -0.000000000000001 
        -0.000000000000003 
         0.000000000000318 
         0.000000000000007 
         0.000000000000041 
         0.000000000000411 
        -0.000000000000014 
        -0.000000000000051 
         0.000000000000013 
        -0.000418800180479 
        -0.000640137600041 
        -0.000666905289489 
         0.001761094634988 
         0.000683806060759 
        -0.000241264209875 
        -0.000000000000050 
         0.000000000000018 
         0.000000000000143 
         0.002894645827969 
         0.005600803587463 
        -0.000425246442653 
        -0.000000000000320 
         0.003314484162612 
        -0.009130799902025 
         0.002073352843687 
        -0.002368041994344 
         0.000164265119449 
         0.000073184664600 
         0.000000000000000 
         0.906553255327790 
        -0.000000000000008 
        -0.000000000000064 
         0.000000000000017 
        -0.000000000000017 
        -0.000000000000379 
        -0.000000000000003 
         0.000000000000085 
         0.000000000000014 
        -0.000882988041022 
         0.000493732145918 
         0.000080579718257 
        -0.000674653651735 
         0.001777440841632 
         0.000113136936566 
        -0.000000000000036 
        -0.000000000000011 
         0.000000000000442 
         0.004044759255784 
        -0.001746516500457 
         0.004529725434178 
         0.000000000000281 
        -0.002368315277642 
         0.001310359192772 
         0.009556680683208 
        -0.000102841271873 
        -0.002029859653549 
         0.001228436148452 
        -0.000000000000002 
        -0.000000000000005 
         0.906553255327779 
         0.000000000000240 
         0.000000000000014 
        -0.000000000000047 
         0.000000000000254 
         0.000000000000022 
        -0.000000000000040 
         0.000000000000088 
         0.000273625531480 
         0.000613502098271 
        -0.000760707990918 
         0.000265784871813 
        -0.000019151694303 
         0.001885800911438 
         0.000000000000016 
        -0.000000000000073 
        -0.000000000000196 
        -0.003897403997576 
         0.002347230095954 
         0.004385152538644 
        -0.007762751664026 
        -0.000000000000378 
        -0.000000000000440 
        -0.000000000000276 
        -0.000000000000061 
        -0.000000000000218 
         0.000000000000146 
         0.000000000000320 
        -0.000000000000062 
         0.000000000000237 
         0.952541423994442 
        -0.000000000000020 
        -0.000000000000004 
         0.002408677559678 
        -0.000000000000003 
        -0.000000000000057 
         0.000000000000001 
         0.000000000000056 
         0.000000000000223 
        -0.000000000000083 
         0.000000000000092 
        -0.000000000000142 
        -0.000000000000121 
        -0.000000000000020 
         0.000000000000061 
         0.006680333215002 
        -0.000000000000312 
        -0.000000000000248 
         0.000000000000659 
         0.000000000000009 
        -0.000000000000012 
         0.000000000000003 
        -0.000000000000022 
         0.000000000000004 
         0.000000000000012 
        -0.000000000000010 
         0.000000000000006 
         0.000000000000016 
         0.000000000000012 
        -0.000000000000018 
         1.143803317009488 
         0.000000000000002 
        -0.000000000000035 
         0.000000000000008 
        -0.000000000000014 
         0.000000000000014 
         0.000000000000008 
        -0.000000000000004 
        -0.000000000000029 
         0.000000000000025 
        -0.000000000000029 
         0.000000000000034 
         0.001249736870546 
         0.003115900129266 
        -0.000000000000006 
        -0.000000000000006 
        -0.000000000000006 
         0.000000000000050 
         0.000000000000038 
        -0.000000000000021 
        -0.000000000000007 
         0.000000000000001 
         0.000000000000007 
         0.000000000000009 
         0.000000000000017 
         0.000000000000041 
        -0.000000000000018 
        -0.000000000000049 
        -0.000000000000003 
         0.000000000000002 
         1.143803317009478 
         0.000000000000030 
        -0.000000000000048 
         0.000000000000018 
         0.000000000000055 
        -0.000000000000009 
         0.000000000000028 
        -0.000000000000002 
         0.000000000000023 
         0.000000000000020 
         0.000000000000028 
         0.003115900129275 
        -0.001249736870560 
        -0.000000000000004 
        -0.000000000000047 
         0.000000000000020 
         0.000000000000088 
        -0.002980666932715 
        -0.000000000000346 
        -0.000000000001146 
        -0.000000000000045 
        -0.000000000000518 
        -0.000000000000165 
         0.000000000000474 
         0.000000000000418 
        -0.000000000000379 
         0.000000000000244 
         0.002255720176529 
        -0.000000000000034 
         0.000000000000031 
         1.260987364238946 
         0.000000000000057 
        -0.000000000000154 
        -0.000000000000043 
        -0.000000000000154 
         0.000000000000489 
         0.000000000000028 
        -0.000000000000063 
        -0.000000000000219 
        -0.000000000000211 
        -0.000000000000052 
         0.000000000000119 
         0.000868439317306 
        -0.000000000000293 
        -0.000000000000489 
         0.000000000001562 
         0.000000000000016 
         0.000000000000061 
        -0.000000000000018 
        -0.000000000000011 
         0.000000000000009 
         0.000000000000014 
        -0.000000000000019 
        -0.000000000000014 
        -0.000000000000002 
         0.000000000000021 
        -0.000000000000003 
         0.000000000000010 
        -0.000000000000048 
         0.000000000000057 
         1.692030637922415 
        -0.000000000000004 
        -0.000000000000004 
         0.000000000000008 
         0.000000000000079 
        -0.000000000000027 
        -0.000000000000052 
         0.000000000000016 
         0.000000000000010 
         0.000000000000095 
        -0.000000000000005 
         0.000000000000061 
         0.000000000000110 
         0.000000000000046 
        -0.000000000000020 
        -0.000000000000039 
         0.000000000000044 
         0.000000000000068 
         0.000000000000067 
         0.000000000000051 
        -0.000000000000029 
        -0.000000000000017 
        -0.000000000000050 
         0.000000000000084 
        -0.000000000000040 
        -0.000000000000057 
        -0.000000000000013 
         0.000000000000018 
        -0.000000000000156 
        -0.000000000000005 
         1.692030637922413 
         0.000000000000003 
         0.000000000000011 
         0.000000000000040 
        -0.000000000000053 
        -0.000000000000019 
        -0.000000000000017 
        -0.000000000000004 
         0.000000000000065 
         0.000000000000015 
        -0.000000000000020 
        -0.000000000000006 
         0.000000000000040 
        -0.000000000000099 
        -0.000000000000013 
         0.000000000000048 
        -0.000000000000052 
        -0.000000000000079 
         0.000000000000011 
         0.000000000000044 
        -0.000000000000022 
         0.000000000000014 
         0.000000000000014 
         0.000000000000087 
         0.000000000000002 
         0.000000000000014 
         0.000000000000056 
        -0.000000000000044 
        -0.000000000000004 
         0.000000000000003 
         1.692030637922408 
        -0.000000000000046 
        -0.000000000000004 
         0.000000000000024 
        -0.000000000000037 
        -0.000000000000004 
         0.000000000000021 
        -0.000000000000054 
         0.000000000000025 
        -0.000000000000068 
         0.000000000000014 
         0.000000000000013 
         0.000000000000082 
        -0.000000000000084 
        -0.000407593773177 
         0.000380479218164 
         0.000003072563145 
        -0.003796000261577 
         0.000337328870634 
        -0.002004945871133 
        -0.000383031628004 
        -0.000807574501240 
         0.000250255939892 
         0.000000000000059 
         0.000000000000009 
        -0.000000000000008 
        -0.000000000000152 
         0.000000000000008 
         0.000000000000011 
        -0.000000000000048 
         1.902465012530172 
         0.000000000000003 
        -0.000000000000001 
         0.000056780965662 
         0.001529063767986 
        -0.000424888018143 
         0.000000000000020 
        -0.000000000000016 
         0.000000000000137 
        -0.001489649800724 
        -0.000041047437154 
        -0.000667574226916 
         0.000000000000266 
        -0.000310617742328 
        -0.000335332471660 
         0.000319335734612 
         0.002032967029687 
         0.000682764362538 
        -0.003734179238026 
        -0.000585465237428 
         0.000451563863803 
         0.000561104599386 
         0.000000000000222 
        -0.000000000000004 
         0.000000000000028 
         0.000000000000487 
         0.000000000000078 
         0.000000000000039 
        -0.000000000000005 
         0.000000000000003 
         1.902465012530180 
         0.000000000000004 
         0.001065930387984 
        -0.000351727620058 
        -0.001123329872290 
         0.000000000000072 
        -0.000000000000007 
         0.000000000000020 
        -0.000572162975705 
        -0.000765825757653 
         0.001323834282061 
        -0.000000000000088 
        -0.000219750982519 
        -0.000231720214151 
        -0.000457079651358 
         0.000025372612096 
        -0.004238308478421 
        -0.000761126909415 
        -0.000609946773361 
         0.000073697629831 
        -0.000695738048335 
        -0.000000000000082 
        -0.000000000000028 
        -0.000000000000000 
         0.000000000000027 
        -0.000000000000028 
        -0.000000000000054 
         0.000000000000024 
         0.000000000000000 
         0.000000000000005 
         1.902465012530183 
         0.001175737318739 
         0.000245033849403 
         0.001038936996569 
        -0.000000000000030 
         0.000000000000004 
        -0.000000000000015 
         0.000346366525032 
        -0.001441604240040 
        -0.000684254494515 
        -0.000000000000029 
         0.000147227851481 
         0.000146187061084 
         0.000047306692529 
         0.000370495051317 
        -0.000792156074582 
        -0.000932945656280 
         0.001187728967450 
        -0.000455004330428 
         0.000179252372462 
         0.000000000000095 
         0.000000000000024 
         0.000000000000025 
        -0.000000000000061 
        -0.000000000000052 
        -0.000000000000020 
        -0.000000000000038 
         0.000055220758084 
         0.001036641124463 
         0.001143430818665 
         2.217031876360865 
        -0.000000000000001 
         0.000000000000002 
        -0.000000000000112 
         0.000000000000078 
        -0.000000000000111 
         0.000072355601536 
         0.000633187461727 
        -0.000143259958089 
         0.000000000000016 
         0.000136466061175 
        -0.000154517865984 
         0.000052781279282 
        -0.001217939188890 
        -0.000142655785629 
        -0.000362545013170 
         0.000461176957983 
         0.001198753283145 
        -0.000012916410951 
        -0.000000000000141 
        -0.000000000000028 
         0.000000000000021 
        -0.000000000000219 
         0.000000000000017 
        -0.000000000000017 
        -0.000000000000004 
         0.001487048686938 
        -0.000342062971158 
         0.000238300894729 
        -0.000000000000000 
         2.217031876360866 
        -0.000000000000002 
         0.000000000000012 
         0.000000000000020 
        -0.000000000000179 
         0.000501707357095 
         0.000036940345181 
         0.000416665632633 
        -0.000000000000122 
        -0.000070608740050 
         0.000006180004755 
         0.000200651023988 
        -0.000120511313109 
        -0.000993631474741 
         0.000795825950380 
        -0.000162714987120 
         0.000076302553065 
         0.001271834190598 
        -0.000000000000118 
         0.000000000000034 
         0.000000000000026 
        -0.000000000000212 
         0.000000000000010 
        -0.000000000000004 
         0.000000000000023 
        -0.000413213093334 
        -0.001092463405755 
         0.001010389448044 
         0.000000000000001 
        -0.000000000000002 
         2.217031876360860 
         0.000000000000132 
         0.000000000000040 
         0.000000000000040 
        -0.000411994545765 
         0.000156186297230 
         0.000482235881444 
        -0.000000000000101 
         0.000000000000076 
         0.000000000000023 
        -0.000000000000044 
        -0.000000000000000 
        -0.000000000000006 
        -0.000000000000041 
        -0.000000000000050 
        -0.000000000000036 
         0.000000000000017 
        -0.000000000000022 
         0.000938353785699 
         0.002339545828485 
        -0.000000000000052 
         0.000000000000095 
         0.000000000000065 
        -0.000000000000055 
         0.000000000000019 
         0.000000000000074 
        -0.000000000000030 
        -0.000000000000114 
         0.000000000000011 
         0.000000000000132 
         2.551601011750067 
        -0.000000000000001 
         0.000000000000193 
         0.000000000000131 
        -0.000000000000089 
        -0.000000000000298 
         0.000000000000027 
        -0.000000000000001 
        -0.000000000000035 
        -0.000000000000005 
         0.000000000000014 
        -0.000000000000007 
         0.000000000000035 
         0.000000000000018 
        -0.000000000000010 
        -0.000000000000074 
         0.000000000000063 
         0.002339545828481 
        -0.000938353785717 
         0.000000000000119 
        -0.000000000000005 
         0.000000000000015 
         0.000000000000025 
        -0.000000000000017 
        -0.000000000000006 
         0.000000000000005 
         0.000000000000077 
         0.000000000000020 
         0.000000000000039 
        -0.000000000000001 
         2.551601011750067 
        -0.000000000000137 
        -0.000000000000170 
        -0.000000000000093 
        -0.000000000000080 
        -0.001839256867534 
        -0.000000000000611 
         0.000000000000602 
         0.000000000000048 
         0.000000000000133 
        -0.000000000000100 
        -0.000000000000063 
         0.000000000000153 
         0.000000000000454 
        -0.000000000000198 
         0.004743583247643 
        -0.000000000000008 
        -0.000000000000003 
         0.000638548125553 
         0.000000000000060 
        -0.000000000000020 
        -0.000000000000067 
         0.000000000000132 
         0.000000000000018 
        -0.000000000000017 
        -0.000000000000112 
        -0.000000000000181 
         0.000000000000039 
         0.000000000000192 
        -0.000000000000136 
         2.763976620208342 
        -0.000000000000441 
        -0.000000000000340 
        -0.000000000000260 
        -0.000000000000152 
         0.001434730822967 
        -0.000921377186412 
        -0.000699583502464 
         0.000057020238643 
        -0.000029916612183 
         0.000061572504488 
         0.002069076604082 
         0.002891171232210 
        -0.002785842520098 
        -0.000000000000331 
        -0.000000000000007 
        -0.000000000000048 
        -0.000000000000289 
         0.000000000000110 
        -0.000000000000006 
         0.000000000000015 
        -0.001106740247057 
        -0.000425090375395 
         0.000257334155524 
         0.000082588365960 
         0.000572660442718 
        -0.000470260153938 
         0.000000000000132 
        -0.000000000000169 
        -0.000000000000433 
         2.807046596233797 
         0.000000000000010 
        -0.000000000000010 
        -0.000000000000051 
         0.001156647589313 
         0.001164407836663 
         0.000838526249636 
        -0.000018215564024 
         0.000070614542712 
         0.000051178748133 
         0.004003422994048 
        -0.001248400199858 
         0.001677786908948 
        -0.000000000000249 
        -0.000000000000007 
         0.000000000000019 
        -0.000000000000494 
         0.000000000000047 
         0.000000000000040 
         0.000000000000013 
        -0.000030496329200 
        -0.000568972779906 
        -0.001071044638706 
         0.000722734891301 
         0.000042164568906 
         0.000178274671234 
        -0.000000000000089 
        -0.000000000000092 
        -0.000000000000343 
         0.000000000000012 
         2.807046596233825 
         0.000000000000008 
         0.000000000000746 
         0.000022789250174 
        -0.001091798515235 
         0.001484675782730 
         0.000065987652062 
         0.000045343878875 
        -0.000039077449736 
        -0.000303963772305 
         0.003237822336920 
         0.003134482441886 
         0.000000000000653 
         0.000000000000050 
         0.000000000000089 
         0.000000000001565 
        -0.000000000000019 
        -0.000000000000099 
         0.000000000000083 
        -0.000495976480126 
         0.000983547058881 
        -0.000508369140077 
        -0.000163520247129 
         0.000475591841148 
         0.000550435247723 
        -0.000000000000298 
        -0.000000000000081 
        -0.000000000000261 
        -0.000000000000009 
         0.000000000000010 
         2.807046596233802 
