     5      5      5      5 
         3.503587367246552 
         0.290534137113087 
         0.000000000000021 
        -0.000000000000013 
        -0.000000000000004 
         0.290534137113087 
         0.034361300157580 
         0.000000000000002 
        -0.000000000000001 
        -0.000000000000001 
         0.000000000000021 
         0.000000000000002 
         0.006638788820187 
        -0.000000000000000 
        -0.000000000000000 
        -0.000000000000013 
        -0.000000000000001 
        -0.000000000000000 
         0.006638788820187 
         0.000000000000000 
        -0.000000000000004 
        -0.000000000000001 
        -0.000000000000000 
         0.000000000000000 
         0.006638788820186 
         0.289606913630629 
         0.725023855313449 
         0.000000000000003 
        -0.000000000000004 
        -0.000000000000013 
         0.037911031023815 
         0.009462666058812 
         0.000000000000001 
        -0.000000000000001 
        -0.000000000000000 
         0.000000000000002 
         0.000000000000003 
        -0.012891050383680 
        -0.000000000000000 
         0.000000000000000 
        -0.000000000000001 
        -0.000000000000001 
         0.000000000000000 
        -0.012891050383680 
        -0.000000000000000 
        -0.000000000000001 
        -0.000000000000000 
         0.000000000000000 
        -0.000000000000000 
        -0.012891050383680 
         0.000000000000028 
         0.000000000000008 
         0.631425420155399 
         0.000000000000009 
        -0.000000000000001 
         0.000000000000003 
         0.000000000000002 
         0.004232448708318 
         0.000000000000000 
        -0.000000000000000 
         0.010434626229101 
        -0.013661994930980 
         0.000020459668270 
         0.000603298756440 
         0.000263227342897 
         0.000000000000000 
        -0.000000000000000 
         0.000603298756440 
         0.003950828138406 
        -0.001991493640132 
        -0.000000000000000 
        -0.000000000000000 
         0.000263227342897 
        -0.001991493640132 
        -0.003971287806681 
        -0.000000000000033 
        -0.000000000000024 
         0.000000000000007 
         0.631425420155382 
        -0.000000000000008 
        -0.000000000000004 
        -0.000000000000001 
         0.000000000000000 
         0.004232448708317 
        -0.000000000000000 
         0.000000000000001 
        -0.000000000000000 
         0.000603298756441 
         0.003950828138408 
        -0.001991493640132 
         0.010434626229100 
        -0.013661994930979 
         0.003950828138407 
        -0.000564653796150 
         0.000415163689062 
        -0.000000000000001 
         0.000000000000000 
        -0.001991493640132 
         0.000415163689062 
        -0.000038644960288 
        -0.000000000000007 
        -0.000000000000008 
        -0.000000000000003 
        -0.000000000000008 
         0.631425420155378 
        -0.000000000000001 
        -0.000000000000000 
        -0.000000000000000 
        -0.000000000000000 
         0.004232448708318 
        -0.000000000000000 
        -0.000000000000000 
         0.000263227342898 
        -0.001991493640132 
        -0.003971287806679 
        -0.000000000000001 
         0.000000000000000 
        -0.001991493640132 
         0.000415163689062 
        -0.000038644960289 
         0.010434626229100 
        -0.013661994930979 
        -0.003971287806680 
        -0.000038644960289 
        -0.000678391031959 
         0.289606913630629 
         0.037911031023816 
         0.000000000000002 
        -0.000000000000001 
        -0.000000000000001 
         0.725023855313450 
         0.009462666058812 
         0.000000000000003 
        -0.000000000000001 
        -0.000000000000000 
         0.000000000000003 
         0.000000000000001 
        -0.012891050383680 
         0.000000000000000 
         0.000000000000000 
        -0.000000000000004 
        -0.000000000000001 
        -0.000000000000000 
        -0.012891050383680 
        -0.000000000000000 
        -0.000000000000013 
        -0.000000000000000 
         0.000000000000000 
        -0.000000000000000 
        -0.012891050383680 
         0.037473671347493 
         0.008766115354475 
         0.000000000000001 
        -0.000000000000001 
        -0.000000000000000 
         0.008766115354475 
         0.513276535144332 
        -0.000000000000016 
         0.000000000000008 
        -0.000000000000006 
         0.000000000000001 
        -0.000000000000016 
         0.097660372702442 
         0.000000000000001 
         0.000000000000002 
        -0.000000000000001 
         0.000000000000008 
         0.000000000000001 
         0.097660372702447 
        -0.000000000000002 
        -0.000000000000000 
        -0.000000000000006 
         0.000000000000002 
        -0.000000000000002 
         0.097660372702436 
         0.000000000000003 
         0.000000000000002 
         0.003914527334228 
         0.000000000000000 
         0.000000000000000 
         0.000000000000003 
        -0.000000000000018 
         0.480950760339107 
         0.000000000000002 
         0.000000000000003 
        -0.013933386357933 
         0.101925996784553 
        -0.000246302022631 
        -0.007262762132516 
        -0.003168840574972 
        -0.000000000000001 
         0.000000000000001 
        -0.007262762132514 
        -0.047561717456563 
         0.023974431311686 
         0.000000000000000 
         0.000000000000003 
        -0.003168840574977 
         0.023974431311686 
         0.047808019479218 
        -0.000000000000004 
        -0.000000000000001 
         0.000000000000000 
         0.003914527334227 
        -0.000000000000000 
        -0.000000000000002 
         0.000000000000000 
        -0.000000000000001 
         0.480950760339108 
        -0.000000000000006 
        -0.000000000000001 
        -0.000000000000000 
        -0.007262762132521 
        -0.047561717456571 
         0.023974431311688 
        -0.013933386357932 
         0.101925996784558 
        -0.047561717456568 
         0.006797537977473 
        -0.004997913699522 
         0.000000000000001 
        -0.000000000000003 
         0.023974431311687 
        -0.004997913699527 
         0.000465224155033 
        -0.000000000000001 
         0.000000000000000 
        -0.000000000000000 
        -0.000000000000000 
         0.003914527334228 
        -0.000000000000000 
        -0.000000000000003 
         0.000000000000003 
        -0.000000000000007 
         0.480950760339091 
         0.000000000000000 
         0.000000000000003 
        -0.003168840574972 
         0.023974431311685 
         0.047808019479213 
         0.000000000000001 
        -0.000000000000004 
         0.023974431311685 
        -0.004997913699523 
         0.000465224155038 
        -0.013933386357932 
         0.101925996784545 
         0.047808019479216 
         0.000465224155036 
         0.008166754274478 
         0.000000000000028 
         0.000000000000003 
         0.010434626229101 
         0.000000000000000 
        -0.000000000000000 
         0.000000000000008 
         0.000000000000002 
        -0.013661994930980 
        -0.000000000000000 
        -0.000000000000000 
         0.631425420155399 
         0.004232448708318 
         0.000020459668270 
         0.000603298756440 
         0.000263227342897 
         0.000000000000009 
         0.000000000000000 
         0.000603298756440 
         0.003950828138406 
        -0.001991493640132 
        -0.000000000000001 
        -0.000000000000000 
         0.000263227342897 
        -0.001991493640132 
        -0.003971287806681 
         0.000000000000003 
         0.000000000000003 
        -0.013933386357933 
        -0.000000000000001 
         0.000000000000000 
         0.000000000000002 
        -0.000000000000018 
         0.101925996784553 
         0.000000000000001 
         0.000000000000003 
         0.003914527334228 
         0.480950760339107 
        -0.000246302022631 
        -0.007262762132514 
        -0.003168840574977 
         0.000000000000000 
         0.000000000000002 
        -0.007262762132516 
        -0.047561717456563 
         0.023974431311686 
         0.000000000000000 
         0.000000000000003 
        -0.003168840574972 
         0.023974431311686 
         0.047808019479218 
         0.009833791581873 
        -0.013750372637024 
         0.000019857999054 
         0.000585557203388 
         0.000255486465233 
        -0.013750372637024 
         0.099846108105203 
        -0.000248835189364 
        -0.007337458179323 
        -0.003201431462515 
         0.000019857999054 
        -0.000248835189364 
         0.467309795367984 
         0.003497019744374 
        -0.004187908854382 
         0.000585557203388 
        -0.007337458179323 
         0.003497019744374 
         0.046241628567365 
         0.000372840874367 
         0.000255486465233 
        -0.003201431462515 
        -0.004187908854382 
         0.000372840874367 
         0.045993883471141 
         0.000000000000001 
        -0.000000000000001 
         0.000585557203389 
         0.003834643866073 
        -0.001932928642787 
        -0.000000000000001 
        -0.000000000000001 
        -0.007337458179328 
        -0.048050880148208 
         0.024221003512566 
         0.000585557203387 
        -0.007337458179330 
         0.003497019744373 
         0.444305009071432 
         0.000372840874364 
         0.003834643866071 
        -0.048050880148199 
         0.050180199899842 
        -0.001259524214035 
         0.000963605173027 
        -0.001932928642786 
         0.024221003512565 
         0.000372840874366 
         0.000963605173027 
        -0.002237495530337 
        -0.000000000000000 
         0.000000000000000 
         0.000255486465233 
        -0.001932928642787 
        -0.003854501865127 
         0.000000000000000 
         0.000000000000004 
        -0.003201431462516 
         0.024221003512564 
         0.048299715337578 
         0.000255486465232 
        -0.003201431462518 
        -0.004187908854381 
         0.000372840874363 
         0.444057263975200 
        -0.001932928642787 
         0.024221003512564 
         0.000372840874367 
         0.000963605173028 
        -0.002237495530333 
        -0.003854501865129 
         0.048299715337583 
         0.049932454803611 
        -0.002237495530337 
         0.003224303681350 
        -0.000000000000033 
        -0.000000000000004 
         0.000000000000001 
         0.010434626229100 
        -0.000000000000001 
        -0.000000000000024 
        -0.000000000000001 
        -0.000000000000000 
        -0.013661994930979 
         0.000000000000000 
         0.000000000000006 
         0.000000000000000 
         0.000603298756441 
         0.003950828138407 
        -0.001991493640132 
         0.631425420155382 
         0.004232448708317 
         0.003950828138408 
        -0.000564653796150 
         0.000415163689062 
        -0.000000000000008 
        -0.000000000000000 
        -0.001991493640132 
         0.000415163689062 
        -0.000038644960288 
        -0.000000000000004 
        -0.000000000000002 
        -0.000000000000001 
        -0.013933386357932 
         0.000000000000001 
        -0.000000000000001 
         0.000000000000000 
        -0.000000000000000 
         0.101925996784558 
        -0.000000000000003 
         0.000000000000000 
        -0.000000000000001 
        -0.007262762132521 
        -0.047561717456568 
         0.023974431311687 
         0.003914527334227 
         0.480950760339109 
        -0.047561717456571 
         0.006797537977473 
        -0.004997913699527 
        -0.000000000000000 
        -0.000000000000006 
         0.023974431311688 
        -0.004997913699522 
         0.000465224155033 
         0.000000000000001 
        -0.000000000000001 
         0.000585557203387 
         0.003834643866071 
        -0.001932928642786 
        -0.000000000000001 
        -0.000000000000001 
        -0.007337458179330 
        -0.048050880148199 
         0.024221003512565 
         0.000585557203389 
        -0.007337458179328 
         0.003497019744373 
         0.050180199899842 
         0.000372840874366 
         0.003834643866073 
        -0.048050880148208 
         0.444305009071432 
        -0.001259524214035 
         0.000963605173027 
        -0.001932928642787 
         0.024221003512566 
         0.000372840874364 
         0.000963605173027 
        -0.002237495530337 
         0.009833791581871 
        -0.013750372637022 
         0.003834643866071 
        -0.000548048697642 
         0.000402954731997 
        -0.013750372637023 
         0.099846108105208 
        -0.048050880148204 
         0.006867449287474 
        -0.005049316236028 
         0.003834643866071 
        -0.048050880148204 
         0.046241628567374 
        -0.001259524214037 
         0.000963605173026 
        -0.000548048697642 
         0.006867449287474 
        -0.001259524214037 
         0.496581324025794 
        -0.015168702066629 
         0.000402954731997 
        -0.005049316236028 
         0.000963605173026 
        -0.015168702066629 
         0.016722354813313 
        -0.000000000000001 
         0.000000000000001 
        -0.001932928642786 
         0.000402954731997 
        -0.000037508505746 
         0.000000000000001 
        -0.000000000000005 
         0.024221003512564 
        -0.005049316236029 
         0.000470008891832 
        -0.001932928642787 
         0.024221003512566 
         0.000372840874366 
         0.000963605173027 
        -0.002237495530337 
         0.000402954731997 
        -0.005049316236031 
         0.000963605173027 
        -0.015168702066628 
         0.414785735317367 
        -0.000037508505744 
         0.000470008891836 
        -0.002237495530338 
         0.020660926145784 
         0.014795861192263 
        -0.000000000000007 
        -0.000000000000001 
        -0.000000000000000 
        -0.000000000000001 
         0.010434626229100 
        -0.000000000000008 
        -0.000000000000000 
        -0.000000000000000 
         0.000000000000000 
        -0.013661994930979 
        -0.000000000000003 
        -0.000000000000000 
         0.000263227342898 
        -0.001991493640132 
        -0.003971287806680 
        -0.000000000000008 
        -0.000000000000000 
        -0.001991493640132 
         0.000415163689062 
        -0.000038644960289 
         0.631425420155379 
         0.004232448708318 
        -0.003971287806679 
        -0.000038644960289 
        -0.000678391031959 
        -0.000000000000001 
        -0.000000000000000 
         0.000000000000000 
         0.000000000000001 
        -0.013933386357932 
         0.000000000000000 
        -0.000000000000003 
         0.000000000000003 
        -0.000000000000004 
         0.101925996784545 
        -0.000000000000000 
         0.000000000000003 
        -0.003168840574972 
         0.023974431311685 
         0.047808019479216 
        -0.000000000000000 
        -0.000000000000007 
         0.023974431311685 
        -0.004997913699523 
         0.000465224155036 
         0.003914527334228 
         0.480950760339091 
         0.047808019479213 
         0.000465224155038 
         0.008166754274478 
        -0.000000000000000 
         0.000000000000000 
         0.000255486465232 
        -0.001932928642787 
        -0.003854501865129 
         0.000000000000000 
         0.000000000000004 
        -0.003201431462518 
         0.024221003512564 
         0.048299715337583 
         0.000255486465233 
        -0.003201431462516 
        -0.004187908854381 
         0.000372840874367 
         0.049932454803611 
        -0.001932928642787 
         0.024221003512564 
         0.000372840874363 
         0.000963605173028 
        -0.002237495530337 
        -0.003854501865127 
         0.048299715337578 
         0.444057263975200 
        -0.002237495530333 
         0.003224303681350 
        -0.000000000000001 
         0.000000000000001 
        -0.001932928642787 
         0.000402954731997 
        -0.000037508505744 
         0.000000000000001 
        -0.000000000000005 
         0.024221003512566 
        -0.005049316236031 
         0.000470008891836 
        -0.001932928642786 
         0.024221003512564 
         0.000372840874366 
         0.000963605173027 
        -0.002237495530338 
         0.000402954731997 
        -0.005049316236029 
         0.000963605173027 
        -0.015168702066628 
         0.020660926145784 
        -0.000037508505746 
         0.000470008891832 
        -0.002237495530337 
         0.414785735317367 
         0.014795861192263 
         0.009833791581871 
        -0.013750372637022 
        -0.003854501865128 
        -0.000037508505745 
        -0.000658441197229 
        -0.013750372637022 
         0.099846108105192 
         0.048299715337582 
         0.000470008891839 
         0.008250747698531 
        -0.003854501865128 
         0.048299715337582 
         0.045993883471136 
        -0.002237495530338 
         0.003224303681350 
        -0.000037508505745 
         0.000470008891839 
        -0.002237495530338 
         0.016722354813312 
         0.014795861192260 
        -0.000658441197229 
         0.008250747698531 
         0.003224303681350 
         0.014795861192259 
         0.496829069122030 
