     5     29 
        -0.000235997770718 
         0.000000000000003 
        -0.000000000000000 
        -0.000000000000003 
        -0.000000000000001 
        -0.000000000000001 
        -0.000000000000000 
         0.000000000000001 
         0.000000000000001 
         0.000000000000002 
         0.000330861253310 
         0.000000000000000 
         0.000000000000000 
         0.000229595971622 
         0.000000000000000 
         0.000000000000000 
        -0.000000000000000 
        -0.000000000000001 
        -0.000000000000000 
        -0.000000000000001 
         0.000000000000001 
         0.000000000000001 
         0.000000000000000 
        -0.000000000000000 
        -0.000000000000000 
         0.000251333478475 
         0.000000000000007 
         0.000000000000005 
        -0.000000000000000 
        -0.002563272962507 
        -0.000000000000097 
         0.000000000000037 
         0.000000000000087 
         0.000000000000005 
         0.000000000000042 
         0.000000000000022 
         0.000000000000021 
         0.000000000000041 
        -0.000000000000049 
        -0.000613103500580 
         0.000000000000007 
        -0.000000000000005 
        -0.001728844158206 
         0.000000000000002 
        -0.000000000000007 
        -0.000000000000001 
         0.000000000000003 
        -0.000000000000002 
         0.000000000000005 
        -0.000000000000017 
        -0.000000000000014 
         0.000000000000007 
         0.000000000000002 
         0.000000000000001 
        -0.002517049795762 
        -0.000000000000031 
        -0.000000000000015 
        -0.000000000000018 
         0.000000000000278 
        -0.001333476980457 
        -0.001646452670949 
         0.001536325828723 
        -0.001313408105593 
        -0.000437655160084 
         0.002121485909058 
        -0.003095001386719 
         0.002760472687074 
         0.003137332435425 
         0.000000000000079 
        -0.000000000000006 
         0.000000000000014 
         0.000000000000238 
        -0.000000000000005 
         0.000000000000007 
        -0.000000000000011 
         0.000234370895167 
        -0.004366270823544 
         0.000082937143893 
        -0.001609060037078 
         0.000678012983030 
         0.001732317051374 
         0.000000000000011 
         0.000000000000005 
        -0.000000000000008 
        -0.000788986822385 
        -0.001164604488796 
         0.002171321914358 
         0.000000000000114 
         0.002203554704407 
        -0.000585993017592 
         0.001284610118209 
        -0.001636302477058 
        -0.001425269624943 
        -0.001307060080252 
         0.004008602345848 
         0.003064286029998 
         0.001258314829209 
        -0.000000000000035 
         0.000000000000010 
         0.000000000000004 
         0.000000000000006 
        -0.000000000000004 
         0.000000000000005 
        -0.000000000000007 
         0.003348069477116 
         0.000232977715239 
         0.002803975989786 
         0.001322850737359 
         0.002027398661841 
         0.000435222664007 
         0.000000000000003 
         0.000000000000001 
        -0.000000000000051 
         0.001503314077232 
         0.001578859240746 
         0.001393087563722 
         0.000000000000025 
        -0.000464166042372 
         0.001948093964096 
         0.001684857293582 
         0.001419421961601 
        -0.002048011184133 
         0.000456264000064 
         0.001180750396791 
        -0.003167339501871 
         0.003951694172172 
        -0.000000000000006 
         0.000000000000022 
         0.000000000000001 
        -0.000000000000042 
         0.000000000000001 
         0.000000000000010 
        -0.000000000000005 
        -0.002803859884303 
        -0.000086773674261 
         0.003355140722774 
         0.001307933445667 
        -0.001216409156260 
         0.001690963346992 
         0.000000000000000 
         0.000000000000003 
         0.000000000000025 
        -0.001952175518813 
         0.001686517880086 
         0.000195220032269 
