     5      5 
       -11.207004465120143 
         0.002584968995591 
         0.000000000000004 
         0.000000000000002 
        -0.000000000000001 
         0.001133083564090 
        -0.977184628006646 
        -0.000000000000031 
         0.000000000000022 
         0.000000000000008 
         0.000000000000004 
        -0.000000000000029 
        -0.591932569741341 
        -0.000000000000011 
        -0.000000000000002 
         0.000000000000002 
         0.000000000000033 
        -0.000000000000007 
        -0.591932569741340 
        -0.000000000000000 
         0.000000000000000 
         0.000000000000006 
        -0.000000000000002 
         0.000000000000002 
        -0.591932569741341 
