     5     29 
         0.000298517432715 
        -0.000000000000035 
        -0.000000000000021 
         0.000000000000023 
         0.000000000000009 
         0.000000000000003 
         0.000000000000008 
         0.000000000000011 
        -0.000000000000018 
        -0.000000000000008 
        -0.000400818806174 
        -0.000000000000003 
        -0.000000000000004 
        -0.000320537951714 
        -0.000000000000002 
         0.000000000000000 
         0.000000000000005 
         0.000000000000015 
         0.000000000000002 
         0.000000000000011 
        -0.000000000000013 
        -0.000000000000011 
        -0.000000000000001 
         0.000000000000006 
         0.000000000000004 
        -0.000310657550723 
        -0.000000000000059 
        -0.000000000000035 
         0.000000000000020 
         0.000834608748176 
         0.000000000000096 
        -0.000000000000056 
        -0.000000000000081 
        -0.000000000000005 
        -0.000000000000049 
        -0.000000000000024 
        -0.000000000000047 
        -0.000000000000063 
         0.000000000000067 
        -0.001201248895414 
        -0.000000000000011 
         0.000000000000007 
        -0.000744721089555 
        -0.000000000000005 
         0.000000000000011 
         0.000000000000001 
        -0.000000000000012 
         0.000000000000008 
        -0.000000000000015 
         0.000000000000046 
         0.000000000000043 
        -0.000000000000023 
        -0.000000000000018 
         0.000000000000001 
        -0.000981048166345 
         0.000000000000014 
        -0.000000000000025 
         0.000000000000014 
        -0.000000000000135 
        -0.000307545281904 
        -0.000379728153059 
         0.000354329146372 
         0.000296512047849 
         0.000098804040578 
        -0.000478941867922 
        -0.000726888421674 
         0.000648321400837 
         0.000736830242491 
        -0.000000000000093 
         0.000000000000007 
        -0.000000000000015 
        -0.000000000000354 
         0.000000000000008 
        -0.000000000000015 
         0.000000000000020 
        -0.000031103310533 
         0.000579446851537 
        -0.000011006570342 
        -0.000111516321463 
         0.000046989864911 
         0.000120058680657 
        -0.000000000000037 
        -0.000000000000013 
         0.000000000000041 
        -0.000297301191750 
        -0.000438839144826 
         0.000818184251649 
        -0.000000000000050 
         0.000508214886864 
        -0.000135149980396 
         0.000296274916395 
         0.000369407952010 
         0.000321765651873 
         0.000295078932023 
         0.000941455679070 
         0.000719674648824 
         0.000295526355580 
        -0.000000000000010 
        -0.000000000000014 
        -0.000000000000005 
        -0.000000000000020 
         0.000000000000007 
        -0.000000000000009 
         0.000000000000011 
        -0.000444321572251 
        -0.000030918421942 
        -0.000372115043821 
         0.000091680512008 
         0.000140509387859 
         0.000030163219123 
        -0.000000000000010 
        -0.000000000000009 
         0.000000000000030 
         0.000566469621649 
         0.000594936088248 
         0.000524934740554 
        -0.000000000000021 
        -0.000107052523979 
         0.000449296925382 
         0.000388585569101 
        -0.000320445496575 
         0.000462354379918 
        -0.000103005130275 
         0.000277309663310 
        -0.000743877667209 
         0.000928090291690 
        -0.000000000000035 
        -0.000000000000028 
        -0.000000000000002 
         0.000000000000052 
        -0.000000000000004 
        -0.000000000000017 
         0.000000000000011 
         0.000372099635564 
         0.000011515715469 
        -0.000445259995741 
         0.000090646665274 
        -0.000084303550737 
         0.000117192651470 
        -0.000000000000005 
        -0.000000000000006 
        -0.000000000000052 
        -0.000735606846400 
         0.000635503358661 
         0.000073561619289 
