     18
      0       -0.004571587561
      1        0.000000000000
      2        0.000000000000
      3        0.002555539546
      4       -0.005912947479
      5        0.000000000000
      6        0.000000000000
      7       -0.001671546468
      8       -0.001858223179
      9       -0.949706986774
     10        0.000000000000
     11        0.000000000000
     12        0.100042572258
     13       -0.296563997131
     14        0.000000000000
     15        0.000000000000
     16       -0.002813125056
     17        0.004622200508
