     18
      0        3.488934335778
      1        2.636325604673
      2        1.458195913808
      3        2.138233224521
      4        2.347768673180
      5        2.360730304577
      6        0.654274164560
      7        0.154487128665
      8        0.273480564689
      9        0.317341338911
     10        2.206656393733
     11        2.206656393733
     12        2.366949727502
     13        2.366949727502
     14        0.199995984252
     15        0.199995984252
     16        0.321448345056
     17        0.321448345056
