     2      9      9      2 
     0      0      0      0          0.002898841627841 
     0      0      0      1          0.001233534354624 
     0      0      1      0         -0.000000000000000 
     0      0      1      1          0.000000000000000 
     0      0      2      0          0.000000000000000 
     0      0      2      1          0.000000000000000 
     0      0      3      0          0.000866598521526 
     0      0      3      1          0.002132721371134 
     0      0      4      0          0.006787124305889 
     0      0      4      1          0.001467967735434 
     0      0      5      0         -0.000000000000000 
     0      0      5      1         -0.000000000000000 
     0      0      6      0         -0.000000000000000 
     0      0      6      1         -0.000000000000000 
     0      0      7      0         -0.005780168434157 
     0      0      7      1          0.001612109290160 
     0      0      8      0          0.004817973946299 
     0      0      8      1          0.002783058169942 
     0      1      0      0         -0.000000000000000 
     0      1      0      1          0.000000000000000 
     0      1      1      0          0.000325330018727 
     0      1      1      1          0.000851971017382 
     0      1      2      0          0.000000000000000 
     0      1      2      1          0.000000000000000 
     0      1      3      0          0.000000000000000 
     0      1      3      1          0.000000000000000 
     0      1      4      0         -0.000000000000000 
     0      1      4      1          0.000000000000000 
     0      1      5      0          0.001767854456143 
     0      1      5      1          0.003588802303543 
     0      1      6      0          0.000001445182126 
     0      1      6      1          0.000002933766930 
     0      1      7      0          0.000000000000000 
     0      1      7      1          0.000000000000000 
     0      1      8      0         -0.000000000000000 
     0      1      8      1          0.000000000000000 
     0      2      0      0          0.000000000000000 
     0      2      0      1          0.000000000000000 
     0      2      1      0          0.000000000000000 
     0      2      1      1          0.000000000000000 
     0      2      2      0          0.000325330018740 
     0      2      2      1          0.000851971017403 
     0      2      3      0          0.000000000000000 
     0      2      3      1          0.000000000000000 
     0      2      4      0          0.000000000000000 
     0      2      4      1          0.000000000000000 
     0      2      5      0         -0.000001445182126 
     0      2      5      1         -0.000002933766930 
     0      2      6      0          0.001767854456180 
     0      2      6      1          0.003588802303570 
     0      2      7      0          0.000000000000000 
     0      2      7      1          0.000000000000000 
     0      2      8      0          0.000000000000000 
     0      2      8      1          0.000000000000000 
     0      3      0      0          0.000612536951786 
     0      3      0      1          0.002804222937768 
     0      3      1      0          0.000000000000000 
     0      3      1      1          0.000000000000000 
     0      3      2      0          0.000000000000000 
     0      3      2      1          0.000000000000000 
     0      3      3      0          0.002478981276810 
     0      3      3      1          0.003100350715263 
     0      3      4      0          0.000509389469831 
     0      3      4      1          0.004923141683891 
     0      3      5      0         -0.000000000000000 
     0      3      5      1         -0.000000000000000 
     0      3      6      0         -0.000000000000000 
     0      3      6      1         -0.000000000000000 
     0      3      7      0          0.000141763500684 
     0      3      7      1          0.000381446468563 
     0      3      8      0          0.001234523079498 
     0      3      8      1          0.005917374420408 
     0      4      0      0          0.007166322983901 
     0      4      0      1         -0.000665587789973 
     0      4      1      0         -0.000000000000000 
     0      4      1      1          0.000000000000000 
     0      4      2      0          0.000000000000000 
     0      4      2      1          0.000000000000000 
     0      4      3      0          0.000810844569262 
     0      4      3      1          0.000585055884487 
     0      4      4      0          0.017660269920929 
     0      4      4      1         -0.002179221088785 
     0      4      5      0         -0.000000000000000 
     0      4      5      1          0.000000000000000 
     0      4      6      0         -0.000000000000000 
     0      4      6      1          0.000000000000000 
     0      4      7      0         -0.015155779660879 
     0      4      7      1          0.002604890160612 
     0      4      8      0          0.011265920774760 
     0      4      8      1         -0.000607577885407 
     0      5      0      0         -0.000000000000000 
     0      5      0      1          0.000000000000000 
     0      5      1      0          0.001766212287060 
     0      5      1      1          0.001847312207817 
     0      5      2      0         -0.000001443839688 
     0      5      2      1         -0.000001510137089 
     0      5      3      0         -0.000000000000000 
     0      5      3      1         -0.000000000000000 
     0      5      4      0         -0.000000000000000 
     0      5      4      1          0.000000000000000 
     0      5      5      0          0.010022819519848 
     0      5      5      1          0.008106852323653 
     0      5      6      0          0.000000000000000 
     0      5      6      1          0.000000000000000 
     0      5      7      0          0.000000000000000 
     0      5      7      1         -0.000000000000000 
     0      5      8      0         -0.000000000000000 
     0      5      8      1          0.000000000000000 
     0      6      0      0         -0.000000000000000 
     0      6      0      1          0.000000000000000 
     0      6      1      0          0.000001443839688 
     0      6      1      1          0.000001510137089 
     0      6      2      0          0.001766212287097 
     0      6      2      1          0.001847312207844 
     0      6      3      0         -0.000000000000000 
     0      6      3      1         -0.000000000000000 
     0      6      4      0         -0.000000000000000 
     0      6      4      1          0.000000000000000 
     0      6      5      0          0.000000000000000 
     0      6      5      1          0.000000000000000 
     0      6      6      0          0.010022819519835 
     0      6      6      1          0.008106852323633 
     0      6      7      0          0.000000000000001 
     0      6      7      1         -0.000000000000000 
     0      6      8      0         -0.000000000000000 
     0      6      8      1          0.000000000000000 
     0      7      0      0         -0.006202170908341 
     0      7      0      1          0.004379308239784 
     0      7      1      0          0.000000000000000 
     0      7      1      1          0.000000000000000 
     0      7      2      0          0.000000000000000 
     0      7      2      1          0.000000000000000 
     0      7      3      0         -0.000115612800617 
     0      7      3      1          0.004476812200050 
     0      7      4      0         -0.015273131918927 
     0      7      4      1          0.007074583222798 
     0      7      5      0          0.000000000000000 
     0      7      5      1         -0.000000000000000 
     0      7      6      0          0.000000000000001 
     0      7      6      1         -0.000000000000000 
     0      7      7      0          0.016418403001874 
     0      7      7      1         -0.000125386026983 
     0      7      8      0         -0.010516156715064 
     0      7      8      1          0.010611131038414 
     0      8      0      0          0.005056478184173 
     0      8      0      1          0.002806069543491 
     0      8      1      0         -0.000000000000000 
     0      8      1      1          0.000000000000000 
     0      8      2      0          0.000000000000000 
     0      8      2      1          0.000000000000000 
     0      8      3      0          0.001326040265117 
     0      8      3      1          0.005228616824335 
     0      8      4      0          0.011410478200601 
     0      8      4      1          0.003470751288523 
     0      8      5      0         -0.000000000000000 
     0      8      5      1         -0.000000000000000 
     0      8      6      0         -0.000000000000000 
     0      8      6      1         -0.000000000000000 
     0      8      7      0         -0.010602336221486 
     0      8      7      1          0.004860172581881 
     0      8      8      0          0.010833475262275 
     0      8      8      1          0.011922121251103 
     1      0      0      0          0.001077468832682 
     1      0      0      1          0.007862537081746 
     1      0      1      0          0.000000000000000 
     1      0      1      1          0.000000000000000 
     1      0      2      0          0.000000000000000 
     1      0      2      1          0.000000000000000 
     1      0      3      0          0.002894268862005 
     1      0      3      1          0.011803513685789 
     1      0      4      0         -0.000722640250569 
     1      0      4      1          0.000491901138629 
     1      0      5      0          0.000000000000000 
     1      0      5      1         -0.000000000000000 
     1      0      6      0          0.000000000000000 
     1      0      6      1         -0.000000000000000 
     1      0      7      0          0.004751698327330 
     1      0      7      1          0.021454215443788 
     1      0      8      0          0.003292978999922 
     1      0      8      1          0.016528544160602 
     1      1      0      0          0.000000000000000 
     1      1      0      1          0.000000000000000 
     1      1      1      0          0.000796433395284 
     1      1      1      1          0.008273745516232 
     1      1      2      0          0.000000000000000 
     1      1      2      1          0.000000000000000 
     1      1      3      0          0.000000000000000 
     1      1      3      1          0.000000000000000 
     1      1      4      0          0.000000000000000 
     1      1      4      1          0.000000000000000 
     1      1      5      0          0.001776670906080 
     1      1      5      1          0.012103313361755 
     1      1      6      0          0.000001452389379 
     1      1      6      1          0.000009894192403 
     1      1      7      0          0.000000000000000 
     1      1      7      1          0.000000000000000 
     1      1      8      0          0.000000000000000 
     1      1      8      1          0.000000000000001 
     1      2      0      0          0.000000000000000 
     1      2      0      1          0.000000000000000 
     1      2      1      0          0.000000000000000 
     1      2      1      1          0.000000000000000 
     1      2      2      0          0.000796433395304 
     1      2      2      1          0.008273745516322 
     1      2      3      0          0.000000000000000 
     1      2      3      1          0.000000000000000 
     1      2      4      0          0.000000000000000 
     1      2      4      1          0.000000000000000 
     1      2      5      0         -0.000001452389379 
     1      2      5      1         -0.000009894192403 
     1      2      6      0          0.001776670906106 
     1      2      6      1          0.012103313361812 
     1      2      7      0          0.000000000000000 
     1      2      7      1          0.000000000000001 
     1      2      8      0          0.000000000000000 
     1      2      8      1          0.000000000000001 
     1      3      0      0          0.001877987758956 
     1      3      0      1          0.010483087644373 
     1      3      1      0          0.000000000000000 
     1      3      1      1          0.000000000000000 
     1      3      2      0          0.000000000000000 
     1      3      2      1          0.000000000000000 
     1      3      3      0          0.003097144863626 
     1      3      3      1          0.025485507510195 
     1      3      4      0          0.000438369568288 
     1      3      4      1         -0.003891721165584 
     1      3      5      0         -0.000000000000000 
     1      3      5      1         -0.000000000000000 
     1      3      6      0         -0.000000000000000 
     1      3      6      1         -0.000000000000000 
     1      3      7      0          0.004787056614611 
     1      3      7      1          0.030067010593789 
     1      3      8      0          0.005572568295116 
     1      3      8      1          0.037346704730694 
     1      4      0      0          0.001155754980450 
     1      4      0      1          0.000914893265142 
     1      4      1      0          0.000000000000000 
     1      4      1      1          0.000000000000000 
     1      4      2      0          0.000000000000000 
     1      4      2      1          0.000000000000000 
     1      4      3      0          0.005119338297684 
     1      4      3      1         -0.003521396510131 
     1      4      4      0         -0.002364429690592 
     1      4      4      1          0.004165538739411 
     1      4      5      0          0.000000000000000 
     1      4      5      1          0.000000000000000 
     1      4      6      0          0.000000000000000 
     1      4      6      1          0.000000000000001 
     1      4      7      0          0.007618349479010 
     1      4      7      1          0.002936787840544 
     1      4      8      0          0.003946583643172 
     1      4      8      1         -0.000930982464096 
     1      5      0      0         -0.000000000000000 
     1      5      0      1         -0.000000000000000 
     1      5      1      0          0.003438091821528 
     1      5      1      1          0.011835894794501 
     1      5      2      0         -0.000002810564427 
     1      5      2      1         -0.000009675583607 
     1      5      3      0         -0.000000000000000 
     1      5      3      1         -0.000000000000000 
     1      5      4      0          0.000000000000000 
     1      5      4      1          0.000000000000000 
     1      5      5      0          0.007950316757105 
     1      5      5      1          0.023343655912545 
     1      5      6      0          0.000000000000000 
     1      5      6      1          0.000000000000000 
     1      5      7      0         -0.000000000000000 
     1      5      7      1          0.000000000000000 
     1      5      8      0         -0.000000000000000 
     1      5      8      1          0.000000000000000 
     1      6      0      0         -0.000000000000000 
     1      6      0      1         -0.000000000000000 
     1      6      1      0          0.000002810564427 
     1      6      1      1          0.000009675583608 
     1      6      2      0          0.003438091821555 
     1      6      2      1          0.011835894794558 
     1      6      3      0         -0.000000000000000 
     1      6      3      1         -0.000000000000000 
     1      6      4      0          0.000000000000000 
     1      6      4      1          0.000000000000001 
     1      6      5      0          0.000000000000000 
     1      6      5      1          0.000000000000000 
     1      6      6      0          0.007950316757085 
     1      6      6      1          0.023343655912456 
     1      6      7      0         -0.000000000000000 
     1      6      7      1          0.000000000000000 
     1      6      8      0         -0.000000000000000 
     1      6      8      1          0.000000000000000 
     1      7      0      0          0.001515472096193 
     1      7      0      1          0.018201368276191 
     1      7      1      0         -0.000000000000000 
     1      7      1      1          0.000000000000000 
     1      7      2      0         -0.000000000000000 
     1      7      2      1          0.000000000000001 
     1      7      3      0          0.000031247379795 
     1      7      3      1          0.028173012237549 
     1      7      4      0          0.002716007750870 
     1      7      4      1          0.002133914705650 
     1      7      5      0         -0.000000000000000 
     1      7      5      1          0.000000000000000 
     1      7      6      0         -0.000000000000000 
     1      7      6      1          0.000000000000000 
     1      7      7      0         -0.000527829939968 
     1      7      7      1          0.059987717632033 
     1      7      8      0          0.004670982844084 
     1      7      8      1          0.050007594702458 
     1      8      0      0          0.002266502499126 
     1      8      0      1          0.013754627233199 
     1      8      1      0          0.000000000000000 
     1      8      1      1          0.000000000000001 
     1      8      2      0          0.000000000000000 
     1      8      2      1          0.000000000000001 
     1      8      3      0          0.005742460020654 
     1      8      3      1          0.034970113250552 
     1      8      4      0         -0.000840228830287 
     1      8      4      1         -0.001245022121852 
     1      8      5      0          0.000000000000000 
     1      8      5      1          0.000000000000000 
     1      8      6      0          0.000000000000000 
     1      8      6      1          0.000000000000000 
     1      8      7      0          0.010812726340535 
     1      8      7      1          0.049128793552285 
     1      8      8      0          0.012120339537896 
     1      8      8      1          0.102674715975613 
